215180664.01669434 198459 0.00092229  0.0002
215230759.3768962 167203 0.000776855  0.0004
215226780.32509613 113283 0.000526342  0.0008
215341969.98219866 71038 0.000329885  0.0012
215315274.7946954 42606 0.000197877  0.0016
215320615.9660015 24327 0.00011298  0.002
430526789.57950795 6173 1.43382e-05  0.004
430509781.0324014 817 1.89775e-06  0.006
430582573.8796976 73 1.69538e-07  0.008
430608671.0933955 94 2.18296e-07  0.012
430669009.9262963 60 1.39318e-07  0.016
430491389.7510028 42 9.75629e-08  0.02
