0.369342 0.380334 0 12 11.7647 80 3997
0.380334 0.391628 3 11.7647 11.5294 80 3997
0.391628 0.402922 5 11.5294 11.2941 80 3997
0.402922 0.414216 8 11.2941 11.0588 80 3997
0.414216 0.427101 61 11.0588 10.8235 80 3997
0.427101 0.440786 61 10.8235 10.5882 80 3997
0.440786 0.454472 66 10.5882 10.3529 80 3997
0.454472 0.468157 63 10.3529 10.1176 80 3997
0.468157 0.4831 65 10.1176 9.88235 80 3997
0.4831 0.499301 122 9.88235 9.64706 80 3997
0.499301 0.515501 71 9.64706 9.41176 80 3997
0.515501 0.533425 75 9.41176 9.17647 80 3997
0.533425 0.552241 69 9.17647 8.94118 80 3997
0.552241 0.573203 79 8.94118 8.70588 80 3997
0.573203 0.594166 73 8.70588 8.47059 80 3997
0.594166 0.617471 135 8.47059 8.23529 80 3997
0.617471 0.641146 73 8.23529 8 80 3997
0.641146 0.668119 85 8 7.76471 80 3997
0.668119 0.695824 79 7.76471 7.52941 80 3997
0.695824 0.725235 84 7.52941 7.29412 80 3997
0.725235 0.757207 91 7.29412 7.05882 80 3997
0.757207 0.792688 134 7.05882 6.82353 80 3997
0.792688 0.828887 83 6.82353 6.58824 80 3997
0.828887 0.869127 91 6.58824 6.35294 80 3997
0.869127 0.912265 89 6.35294 6.11765 80 3997
0.912265 0.958327 85 6.11765 5.88235 80 3997
0.958327 1.01003 87 5.88235 5.64706 80 3997
1.01003 1.06595 89 5.64706 5.41176 80 3997
1.06595 1.12713 85 5.41176 5.17647 80 3997
1.12713 1.19517 88 5.17647 4.94118 80 3997
1.19517 1.26783 79 4.94118 4.70588 80 3997
1.26783 1.35118 85 4.70588 4.47059 80 3997
1.35118 1.44388 85 4.47059 4.23529 80 3997
1.44388 1.54497 105 4.23529 4 80 3997
1.54497 1.66183 150 4 3.76471 80 3997
1.66183 1.78997 98 3.76471 3.52941 80 3997
1.78997 1.93513 94 3.52941 3.29412 80 3997
1.93513 2.10865 90 3.29412 3.05882 80 3997
2.10865 2.30367 86 3.05882 2.82353 80 3997
2.30367 2.53049 92 2.82353 2.58824 80 3997
2.53049 2.79673 89 2.58824 2.35294 80 3997
2.79673 3.10526 86 2.35294 2.11765 80 3997
3.10526 3.47921 82 2.11765 1.88235 80 3997
3.47921 3.94657 85 1.88235 1.64706 80 3997
3.94657 4.4979 83 1.64706 1.41176 80 3997
4.4979 5.21224 84 1.41176 1.17647 80 3997
5.21224 6.10829 83 1.17647 0.941176 80 3997
6.10829 7.27831 82 0.941176 0.705882 80 3997
7.27831 8.81782 80 0.705882 0.470588 80 3997
8.81782 10.9196 80 0.470588 0.235294 80 3997
10.9196 13.803 83 0.235294 4.66353e-310 80 3997
