0.03 13.0889 13.4915 0.0107893 3.11808e+12
0.09 43.989 12.6165 0.0124958 3.09499e+12
0.15 55.9079 11.8745 0.0143566 3.058e+12
0.21 63.2373 11.1715 0.0163756 3.01622e+12
0.27 82.9825 10.5665 0.0185559 2.97268e+12
0.33 79.9876 10.0115 0.0208997 2.92748e+12
0.39 95.6919 9.4745 0.0234086 2.88061e+12
0.45 102.797 8.984 0.0260831 2.83196e+12
0.51 124.337 8.53683 0.0289224 2.78155e+12
0.57 132.704 8.13133 0.031924 2.72947e+12
0.63 142.258 7.73975 0.035084 2.67567e+12
0.69 159.145 7.37008 0.0383963 2.62008e+12
0.75 186.507 7.03667 0.0418526 2.56275e+12
0.81 197.937 6.72967 0.0454419 2.50377e+12
0.87 220.652 6.44017 0.0491503 2.44332e+12
0.93 232.87 6.16783 0.0529609 2.38159e+12
0.99 273.514 5.918 0.0568533 2.3187e+12
1.05 246.374 5.67125 0.0608039 2.25476e+12
1.11 302.132 5.4325 0.0647853 2.18992e+12
1.17 365.387 5.23425 0.0687668 2.12431e+12
1.23 338.006 5.0456 0.0727145 2.05807e+12
1.29 362.719 4.8551 0.0765916 1.99141e+12
1.35 396.678 4.679 0.0803594 1.92468e+12
1.41 407.342 4.51367 0.0839775 1.85823e+12
1.47 471.826 4.36267 0.0874051 1.79223e+12
1.53 409.684 4.2135 0.0906022 1.72679e+12
1.59 480.477 4.06657 0.0935305 1.66182e+12
1.65 536.848 3.93929 0.0961548 1.59729e+12
1.71 469.726 3.81171 0.0984441 1.53335e+12
1.77 551.196 3.68738 0.100373 1.47033e+12
1.83 546.031 3.57538 0.101922 1.40888e+12
1.89 554.164 3.4673 0.103079 1.34944e+12
1.95 578.377 3.366 0.103839 1.29212e+12
2.01 574.109 3.27 0.104203 1.2368e+12
2.07 568.425 3.1758 0.10418 1.18299e+12
2.13 643.112 3.08864 0.103787 1.13043e+12
2.19 630.318 3.00818 0.103043 1.0792e+12
2.25 632.347 2.92936 0.101975 1.02944e+12
2.31 611.66 2.85198 0.10061 9.81309e+11
2.37 591.825 2.77483 0.0989812 9.34882e+11
2.43 607.506 2.70024 0.0971205 8.90169e+11
2.49 672.789 2.63286 0.0950612 8.47192e+11
2.55 644.821 2.57029 0.0928359 8.0597e+11
2.61 623.156 2.508 0.0904759 7.66478e+11
2.67 596.115 2.446 0.0880109 7.28681e+11
2.73 612.961 2.38662 0.0854686 6.92804e+11
2.79 627.971 2.33247 0.0828738 6.59227e+11
2.85 583.803 2.28094 0.0802493 6.28006e+11
2.91 549.13 2.22968 0.0776148 5.98963e+11
2.97 522.025 2.17882 0.0749878 5.71722e+11
3.03 554.584 2.13062 0.072383 5.45815e+11
3.09 541.29 2.08544 0.0698132 5.21061e+11
3.15 518.046 2.04078 0.0672886 4.97402e+11
3.21 494.179 1.99611 0.0648179 4.74796e+11
3.27 498.257 1.9526 0.0624077 4.53209e+11
3.33 533.605 1.91257 0.0600633 4.32596e+11
3.39 510.768 1.87486 0.0577886 4.12902e+11
3.45 487.134 1.83714 0.0555862 3.94085e+11
3.51 513.156 1.80117 0.0534579 3.76114e+11
3.57 499.655 1.76727 0.0514046 3.58948e+11
3.63 482.517 1.73373 0.0494264 3.42474e+11
3.69 519.858 1.70049 0.0475228 3.25824e+11
3.75 607.177 1.66913 0.045693 3.0822e+11
3.81 636.387 1.63933 0.0439357 2.8969e+11
3.87 648.281 1.60953 0.0422494 2.70549e+11
3.93 580.547 1.57973 0.040632 2.52239e+11
3.99 515.425 1.55024 0.0390818 2.36068e+11
4.05 498.175 1.52259 0.0375965 2.2204e+11
4.11 428.322 1.49647 0.0361739 2.09941e+11
4.17 396.482 1.47071 0.0348118 1.9931e+11
4.23 378.395 1.446 0.0335078 1.89732e+11
4.29 340.471 1.422 0.0322597 1.81106e+11
4.35 308.553 1.398 0.0310651 1.73317e+11
4.41 297.19 1.37417 0.0299219 1.661e+11
4.47 305.288 1.35139 0.0288278 1.5924e+11
4.53 290.69 1.32948 0.0277808 1.52711e+11
4.59 275.52 1.30757 0.0267786 1.46507e+11
4.65 272.263 1.28622 0.0258194 1.40659e+11
4.71 285.956 1.26656 0.0249011 1.3518e+11
4.77 267.491 1.24803 0.024022 1.30052e+11
4.83 254.282 1.2295 0.0231801 1.25218e+11
4.89 249.843 1.21097 0.0223738 1.20548e+11
4.95 244.955 1.19244 0.0216015 1.15964e+11
5.01 255.448 1.17444 0.0208615 1.11461e+11
5.07 254.293 1.15722 0.0201523 1.07073e+11
5.13 241.704 1.14026 0.0194725 1.02868e+11
5.19 228.764 1.1233 0.0188208 9.88788e+10
5.25 237.956 1.10708 0.0181958 9.50959e+10
5.31 231.915 1.09173 0.0175963 9.14901e+10
5.37 225.15 1.07653 0.0170211 8.80164e+10
5.43 217.976 1.06133 0.0164691 8.46486e+10
5.49 211.677 1.04613 0.0159391 8.13833e+10
5.55 226.353 1.03172 0.0154303 7.82322e+10
5.61 221.462 1.01825 0.0149415 7.52159e+10
5.67 210.742 1.00494 0.014472 7.2339e+10
5.73 201.575 0.991625 0.0140208 6.95945e+10
5.79 191.805 0.978312 0.013587 6.69761e+10
5.85 190.312 0.965234 0.01317 6.44772e+10
5.91 188.06 0.952625 0.0127689 6.20914e+10
5.97 180.234 0.94025 0.012383 5.98126e+10
6.03 191.237 0.928448 0.0120116 5.76237e+10
6.09 190.745 0.917333 0.0116542 5.55009e+10
6.15 184.795 0.906333 0.0113101 5.34354e+10
6.21 180.403 0.895333 0.0109787 5.14268e+10
6.27 173.96 0.884333 0.0106594 4.94779e+10
6.33 169.162 0.873333 0.0103518 4.75907e+10
6.39 162.983 0.862333 0.0100553 4.57639e+10
6.45 158.224 0.851333 0.00976945 4.39972e+10
6.51 171.868 0.841071 0.0094938 4.23084e+10
6.57 167.967 0.831692 0.00922792 4.07146e+10
6.63 157.14 0.822462 0.00897139 3.92141e+10
6.69 150.722 0.813231 0.00872382 3.77932e+10
6.75 163.227 0.804 0.00848485 3.63442e+10
6.81 178.987 0.794769 0.00825412 3.47648e+10
6.87 192.349 0.785538 0.00803128 3.30509e+10
6.93 200.994 0.776308 0.00781601 3.12355e+10
6.99 184.333 0.767151 0.00760802 2.94706e+10
7.05 176.883 0.758435 0.007407 2.78951e+10
7.11 153.808 0.750087 0.00721267 2.65149e+10
7.17 134.358 0.741739 0.00702478 2.53121e+10
7.23 130.064 0.733533 0.00684305 2.42268e+10
7.29 133.196 0.72575 0.00666726 2.32028e+10
7.35 125.176 0.71825 0.00649717 2.22339e+10
7.41 118.945 0.71075 0.00633256 2.13184e+10
7.47 112.288 0.70325 0.00617321 2.04513e+10
7.53 107.673 0.69575 0.00601893 1.96265e+10
7.59 104.48 0.688354 0.00586952 1.88417e+10
7.65 106.881 0.681268 0.0057248 1.80932e+10
7.71 104.232 0.67439 0.00558459 1.73672e+10
7.77 103.502 0.667512 0.00544872 1.66528e+10
7.83 101.137 0.660634 0.00531703 1.5949e+10
7.89 98.1554 0.653756 0.00518936 1.52636e+10
7.95 90.6748 0.646878 0.00506558 1.46142e+10
8.01 91.2037 0.64022 0.00494553 1.40088e+10
8.07 89.8449 0.634 0.00482908 1.34456e+10
8.13 93.1438 0.628 0.0047161 1.28966e+10
8.19 106.087 0.622 0.00460646 1.2299e+10
8.25 121.173 0.616 0.00450006 1.16172e+10
8.31 132.739 0.61 0.00439676 1.08554e+10
8.37 129.19 0.604 0.00429647 1.00697e+10
8.43 111.448 0.598055 0.00419908 9.35382e+09
8.49 101.766 0.592436 0.00410448 8.75356e+09
8.55 82.5818 0.587091 0.00401258 8.26085e+09
8.61 73.8759 0.581745 0.00392329 7.84268e+09
8.67 72.6329 0.5764 0.00383652 7.4511e+09
8.73 71.9496 0.571055 0.00375218 7.06467e+09
8.79 70.6755 0.565709 0.00367019 6.68348e+09
8.85 67.8077 0.560364 0.00359047 6.31335e+09
8.91 63.0746 0.555018 0.00351295 5.96354e+09
8.97 59.2876 0.549673 0.00343755 5.63649e+09
9.03 64.0009 0.544692 0.0033642 5.33034e+09
9.09 62.4237 0.540077 0.00329284 5.03859e+09
9.15 61.4532 0.535462 0.0032234 4.75272e+09
9.21 60.9808 0.530846 0.00315581 4.47018e+09
9.27 59.9506 0.526231 0.00309002 4.19111e+09
9.33 57.9854 0.521615 0.00302597 3.91895e+09
9.39 58.1463 0.517121 0.00296361 3.65799e+09
9.45 59.0859 0.512869 0.00290288 3.4088e+09
9.51 56.7528 0.508738 0.00284372 3.16953e+09
9.57 63.4391 0.504607 0.0027861 2.92126e+09
9.63 70.3171 0.500475 0.00272996 2.64498e+09
9.69 77.6764 0.496344 0.00267525 2.33929e+09
9.75 81.8921 0.492213 0.00262194 2.00969e+09
9.81 72.6081 0.488082 0.00256997 1.69056e+09
9.87 60.8681 0.483951 0.00251931 1.41485e+09
9.93 50.3473 0.47982 0.00246992 1.18513e+09
9.99 43.0815 0.475795 0.00242176 9.96749e+08
10.05 45.6894 0.472092 0.00237479 8.32643e+08
10.11 43.7323 0.468602 0.00232898 6.76611e+08
10.17 42.3258 0.465112 0.00228429 5.26448e+08
10.23 40.7386 0.461622 0.00224069 3.81509e+08
10.29 40.0246 0.458133 0.00219815 2.40586e+08
10.35 39.0592 0.454643 0.00215663 1.02592e+08
10.41 38.5543 0.451153 0.00211611 -3.28353e+07
10.47 37.4577 0.447663 0.00207655 -1.65469e+08
10.53 35.8086 0.444173 0.00203794 -2.93311e+08
10.59 33.8788 0.440684 0.00200023 -4.14908e+08
10.65 32.4496 0.437194 0.00196342 -5.30644e+08
10.71 30.942 0.433704 0.00192746 -6.41256e+08
10.77 30.1272 0.430214 0.00189234 -7.47816e+08
10.83 29.0267 0.426724 0.00185803 -8.51033e+08
10.89 28.4322 0.423235 0.00182452 -9.51293e+08
10.95 25.3476 0.419745 0.00179177 -1.04513e+09
11.01 23.1696 0.41656 0.00175977 -1.12273e+09
11.07 15.6149 0.41368 0.00172849 -1.17858e+09
11.13 8.65092 0.4108 0.00169793 -1.21352e+09
11.19 4.71514 0.40792 0.00166805 -1.23277e+09
11.25 4.19622 0.40504 0.00163883 -1.2456e+09
11.31 3.75172 0.40216 0.00161027 -1.25704e+09
11.37 3.33707 0.39928 0.00158234 -1.26725e+09
11.43 2.9932 0.3964 0.00155503 -1.27637e+09
11.49 2.72031 0.39352 0.00152831 -1.28459e+09
11.55 2.46287 0.39064 0.00150218 -1.29206e+09
11.61 2.2135 0.38776 0.00147662 -1.29879e+09
11.67 1.92549 0.38488 0.0014516 -1.30475e+09
11.73 1.61251 0.382 0.00142713 -1.30985e+09
11.79 1.31597 0.37912 0.00140319 -1.31406e+09
11.85 1.03509 0.37624 0.00137975 -1.31745e+09
11.91 0.76914 0.37336 0.00135681 -1.32005e+09
