1100.0 0.000378 13.990
20.05 0.179 13.624
14.99 0.271 13.532
11.98 0.370 13.433
10.98 0.418 13.385
10.00 0.475 13.328
9.39 0.517 13.286
9.00 0.547 13.256
8.45 0.596 13.207
8.01 0.640 13.163
7.60 0.687 13.116
7.24 0.732 13.071
7.01 0.764 13.039
6.49 0.844 12.959
6.01 0.932 12.871
5.85 0.965 12.838
5.53 1.036 12.767
5.23 1.112 12.691
5.00 1.177 12.626
4.66 1.282 12.521
4.43 1.366 12.437
4.18 1.466 12.337
4.01 1.540 12.263
3.71 1.689 12.115
3.49 1.812 11.991
3.28 1.944 11.859
3.01 2.145 11.658
2.90 2.238 11.565
2.73 2.384 11.419
2.58 2.539 11.264
2.44 2.685 11.118
2.32 2.839 10.964
2.21 2.981 10.823
2.10 3.129 10.674
2.00 3.285 10.519
1.90 3.447 10.356
1.82 3.593 10.210
1.74 3.744 10.059
1.67 3.902 9.901
1.60 4.038 9.766
1.53 4.206 9.597
1.50 4.293 9.510
1.41 4.502 9.301
1.36 4.657 9.147
1.30 4.816 8.987
1.25 4.980 8.823
1.21 5.115 8.688
1.15 5.289 8.514
1.11 5.431 8.372
1.07 5.577 8.226
1.04 5.726 8.077
1.00 5.878 7.925
0.95 6.073 7.730
0.92 6.193 7.610
0.89 6.356 7.447
0.85 6.522 7.281
0.82 6.692 7.111
0.79 6.822 6.981
0.76 6.998 6.805
0.73 7.132 6.671
0.70 7.314 6.489
0.68 7.453 6.350
0.64 7.642 6.161
0.62 7.786 6.017
0.60 7.932 5.872
0.58 8.079 5.724
0.55 8.280 5.523
0.52 8.432 5.371
0.50 8.587 5.216
0.48 8.743 5.060
0.46 8.902 4.901
0.44 9.062 4.741
0.42 9.225 4.578
0.40 9.389 4.414
0.38 9.556 4.247
0.36 9.724 4.079
0.35 9.837 3.966
0.33 10.009 3.794
0.31 10.182 3.621
0.30 10.299 3.504
0.27 10.535 3.269
0.26 10.654 3.149
0.24 10.834 2.969
0.23 11.016 2.787
0.21 11.138 2.665
0.20 11.323 2.480
0.18 11.509 2.294
0.17 11.635 2.169
0.15 11.824 1.979
0.14 11.951 1.852
0.13 12.143 1.660
0.11 12.337 1.466
0.10 12.467 1.336
0.08 12.663 1.140
0.07 12.795 1.008
0.06 12.993 0.810
0.05 13.127 0.676
0.03 13.328 0.475
0.02 13.463 0.340
0.01 13.667 0.136
0.00 13.803 0.000
