38.3146 20.801 17.5136 86.5743 26.6596 38.3146 5753.31 26.64 0.0  0.0  0.0  0.0  0.0  0.0  0.0  0.0  0.0  0.0  0.0  0.0 
11.8561 6.3187 5.5374 37.3099 36.5704 11.8561 1835.71 232.29 0.0  0.0  0.0  0.0  0.0  0.0  0.0  0.0  0.0  0.0  0.0  0.0 
43.6894 23.5065 20.1829 105.002 32.9873 43.6894 5613.46 29.224 0.0  0.0  0.0  0.0  0.0  0.0  0.0  0.0  0.0  0.0  0.0  0.0 
39.5285 21.3437 18.1848 88.5196 28.8583 39.5285 9240.56 30.799 0.0  0.0  0.0  0.0  0.0  0.0  0.0  0.0  0.0  0.0  0.0  0.0 
36.5312 19.5816 16.9496 81.7257 25.5138 36.5312 2682.11 21.207 0.0  0.0  0.0  0.0  0.0  0.0  0.0  0.0  0.0  0.0  0.0  0.0 
44.001 23.7558 20.2452 102.332 34.1225 44.001 13023.3 36.445 0.0  0.0  0.0  0.0  0.0  0.0  0.0  0.0  0.0  0.0  0.0  0.0 
35.0939 18.9644 16.1295 76.2744 24.054 35.0939 5192.69 24.303 0.0  0.0  0.0  0.0  0.0  0.0  0.0  0.0  0.0  0.0  0.0  0.0 
31.8649 17.1116 14.7533 66.8662 21.5923 31.8649 6035.91 23.499 0.0  0.0  0.0  0.0  0.0  0.0  0.0  0.0  0.0  0.0  0.0  0.0 
40.416 22.0834 18.3326 93.3403 28.3553 40.416 7763.03 29.931 0.0  0.0  0.0  0.0  0.0  0.0  0.0  0.0  0.0  0.0  0.0  0.0 
33.221 17.8511 15.3699 69.8017 23.1254 33.221 12866.7 29.435 0.0  0.0  0.0  0.0  0.0  0.0  0.0  0.0  0.0  0.0  0.0  0.0 
34.1295 18.4782 15.6513 72.7696 23.2905 34.1295 11693.5 29.3 0.0  0.0  0.0  0.0  0.0  0.0  0.0  0.0  0.0  0.0  0.0  0.0 
35.4458 19.1393 16.3065 76.4834 24.6879 35.4458 7876.16 27.242 0.0  0.0  0.0  0.0  0.0  0.0  0.0  0.0  0.0  0.0  0.0  0.0 
42.9668 23.2293 19.7375 99.3427 32.7255 42.9668 12257.8 35.247 0.0  0.0  0.0  0.0  0.0  0.0  0.0  0.0  0.0  0.0  0.0  0.0 
42.431 23.0238 19.4072 100.794 30.9549 42.431 6514.23 29.688 0.0  0.0  0.0  0.0  0.0  0.0  0.0  0.0  0.0  0.0  0.0  0.0 
34.3331 18.702 15.6311 75.0179 22.6968 34.3331 4742.91 23.353 0.0  0.0  0.0  0.0  0.0  0.0  0.0  0.0  0.0  0.0  0.0  0.0 
37.6483 20.1796 17.4687 84.3839 26.854 37.6483 3689.22 23.497 0.0  0.0  0.0  0.0  0.0  0.0  0.0  0.0  0.0  0.0  0.0  0.0 
30.9225 16.6059 14.3166 64.3715 20.7194 30.9225 11796.5 27.282 0.0  0.0  0.0  0.0  0.0  0.0  0.0  0.0  0.0  0.0  0.0  0.0 
31.4668 16.9529 14.5139 65.8556 20.998 31.4668 11987.7 27.751 0.0  0.0  0.0  0.0  0.0  0.0  0.0  0.0  0.0  0.0  0.0  0.0 
34.1375 18.6832 15.4543 73.6377 22.1749 34.1375 13163.4 30.192 0.0  0.0  0.0  0.0  0.0  0.0  0.0  0.0  0.0  0.0  0.0  0.0 
38.4768 20.9454 17.5314 85.4171 27.1828 38.4768 11987.2 32.252 0.0  0.0  0.0  0.0  0.0  0.0  0.0  0.0  0.0  0.0  0.0  0.0 
7.2025 3.3609 3.8416 29.6216 12.5335 7.2025 6745.21 58.709 0.0  0.0  0.0  0.0  0.0  0.0  0.0  0.0  0.0  0.0  0.0  0.0 
33.978 18.3033 15.6747 71.9697 23.5855 33.978 11089.3 28.815 0.0  0.0  0.0  0.0  0.0  0.0  0.0  0.0  0.0  0.0  0.0  0.0 
25.2712 12.1415 13.1297 45.2801 41.8515 25.2712 64.5084 6.2609 0.0  0.0  0.0  0.0  0.0  0.0  0.0  0.0  0.0  0.0  0.0  0.0 
31.8773 17.164 14.7133 67.0475 21.3795 31.8773 6820.79 24.251 0.0  0.0  0.0  0.0  0.0  0.0  0.0  0.0  0.0  0.0  0.0  0.0 
36.8176 19.734 17.0836 81.3226 26.2199 36.8176 4320.42 24.049 0.0  0.0  0.0  0.0  0.0  0.0  0.0  0.0  0.0  0.0  0.0  0.0 
39.7389 21.4832 18.2557 89.4139 28.9057 39.7389 8696.85 30.443 0.0  0.0  0.0  0.0  0.0  0.0  0.0  0.0  0.0  0.0  0.0  0.0 
38.2933 20.8353 17.458 85.1813 26.9256 38.2933 10136.1 30.785 0.0  0.0  0.0  0.0  0.0  0.0  0.0  0.0  0.0  0.0  0.0  0.0 
44.0321 24.1514 19.8807 107.445 31.6458 44.0321 8331.59 32.494 0.0  0.0  0.0  0.0  0.0  0.0  0.0  0.0  0.0  0.0  0.0  0.0 
33.7548 18.1501 15.6047 72.2961 23.1836 33.7548 4939.4 23.31 0.0  0.0  0.0  0.0  0.0  0.0  0.0  0.0  0.0  0.0  0.0  0.0 
41.5633 23.0261 18.5372 97.4375 28.4937 41.5633 11639.1 33.884 0.0  0.0  0.0  0.0  0.0  0.0  0.0  0.0  0.0  0.0  0.0  0.0 
28.081 15.5138 12.5672 59.9317 18.7558 28.081 7588.95 22.644 0.0  0.0  0.0  0.0  0.0  0.0  0.0  0.0  0.0  0.0  0.0  0.0 
32.058 17.262 14.796 67.7748 21.452 32.058 5458.67 23.004 0.0  0.0  0.0  0.0  0.0  0.0  0.0  0.0  0.0  0.0  0.0  0.0 
36.5841 19.6162 16.9679 80.4642 25.994 36.5841 4386.62 24.026 0.0  0.0  0.0  0.0  0.0  0.0  0.0  0.0  0.0  0.0  0.0  0.0 
41.1466 22.3427 18.8039 96.1912 29.5353 41.1466 6044.44 28.46 0.0  0.0  0.0  0.0  0.0  0.0  0.0  0.0  0.0  0.0  0.0  0.0 
32.4466 23.0333 9.4133 35.2583 21.6823 32.4466 739.662 1277.3 0.0  0.0  0.0  0.0  0.0  0.0  0.0  0.0  0.0  0.0  0.0  0.0 
31.274 16.9347 14.3393 65.7717 20.3563 31.274 11048.9 27.046 0.0  0.0  0.0  0.0  0.0  0.0  0.0  0.0  0.0  0.0  0.0  0.0 
38.8244 20.9333 17.8911 89.8783 27.2295 38.8244 3013.3 22.849 0.0  0.0  0.0  0.0  0.0  0.0  0.0  0.0  0.0  0.0  0.0  0.0 
8.8997 5.2698 3.6299 32.7419 11.5943 8.8997 5501.62 126.82 0.0  0.0  0.0  0.0  0.0  0.0  0.0  0.0  0.0  0.0  0.0  0.0 
40.916 22.2438 18.6722 92.8158 29.8881 40.916 13317.9 34.699 0.0  0.0  0.0  0.0  0.0  0.0  0.0  0.0  0.0  0.0  0.0  0.0 
32.3868 17.5717 14.8151 69.0701 21.1347 32.3868 5808.58 23.544 0.0  0.0  0.0  0.0  0.0  0.0  0.0  0.0  0.0  0.0  0.0  0.0 
30.7956 16.5193 14.2763 64.0243 20.7295 30.7956 9975.39 26.054 0.0  0.0  0.0  0.0  0.0  0.0  0.0  0.0  0.0  0.0  0.0  0.0 
33.9281 21.7066 12.2215 34.3753 24.9888 33.9281 6336.18 2923.6 0.0  0.0  0.0  0.0  0.0  0.0  0.0  0.0  0.0  0.0  0.0  0.0 
48.0293 26.1777 21.8516 126.383 36.2132 48.0293 8145.14 34.493 0.0  0.0  0.0  0.0  0.0  0.0  0.0  0.0  0.0  0.0  0.0  0.0 
29.1586 15.9611 13.1975 61.7678 19.2347 29.1586 5777.65 21.717 0.0  0.0  0.0  0.0  0.0  0.0  0.0  0.0  0.0  0.0  0.0  0.0 
25.8478 14.5531 11.2947 56.3465 17.7144 25.8478 3246.07 17.173 0.0  0.0  0.0  0.0  0.0  0.0  0.0  0.0  0.0  0.0  0.0  0.0 
6.3416 3.3381 3.0035 29.2392 9.8642 6.3416 12159.2 9.3317 0.0  0.0  0.0  0.0  0.0  0.0  0.0  0.0  0.0  0.0  0.0  0.0 
40.6938 21.964 18.7298 94.3431 29.5709 40.6938 5437.16 27.479 0.0  0.0  0.0  0.0  0.0  0.0  0.0  0.0  0.0  0.0  0.0  0.0 
36.904 20.0328 16.8712 81.5873 25.5096 36.904 6682.69 26.914 0.0  0.0  0.0  0.0  0.0  0.0  0.0  0.0  0.0  0.0  0.0  0.0 
19.5652 15.9307 3.6345 29.658 20.2297 19.5652 10595.7 312.39 0.0  0.0  0.0  0.0  0.0  0.0  0.0  0.0  0.0  0.0  0.0  0.0 
33.4295 17.9069 15.5226 70.9919 23.2057 33.4295 4943.47 23.149 0.0  0.0  0.0  0.0  0.0  0.0  0.0  0.0  0.0  0.0  0.0  0.0 
34.9201 18.8198 16.1003 77.2407 23.7705 34.9201 2686.03 20.505 0.0  0.0  0.0  0.0  0.0  0.0  0.0  0.0  0.0  0.0  0.0  0.0 
32.4866 17.6493 14.8373 69.0631 21.261 32.4866 8100.34 25.696 0.0  0.0  0.0  0.0  0.0  0.0  0.0  0.0  0.0  0.0  0.0  0.0 
46.7316 25.3518 21.3798 116.783 35.6811 46.7316 9648.89 35.3 0.0  0.0  0.0  0.0  0.0  0.0  0.0  0.0  0.0  0.0  0.0  0.0 
22.4884 17.4046 5.0838 68.705 31.9837 22.4884 2171.06 669.98 0.0  0.0  0.0  0.0  0.0  0.0  0.0  0.0  0.0  0.0  0.0  0.0 
42.83 23.5565 19.2735 101.004 30.6569 42.83 12683.4 35.441 0.0  0.0  0.0  0.0  0.0  0.0  0.0  0.0  0.0  0.0  0.0  0.0 
38.4212 20.8488 17.5724 87.4164 26.7637 38.4212 4732.26 25.398 0.0  0.0  0.0  0.0  0.0  0.0  0.0  0.0  0.0  0.0  0.0  0.0 
35.6617 19.2681 16.3936 77.3449 24.8678 35.6617 7628.75 27.143 0.0  0.0  0.0  0.0  0.0  0.0  0.0  0.0  0.0  0.0  0.0  0.0 
37.5112 20.3858 17.1254 82.6273 26.3282 37.5112 11348.9 31.205 0.0  0.0  0.0  0.0  0.0  0.0  0.0  0.0  0.0  0.0  0.0  0.0 
30.2528 16.2255 14.0273 64.188 19.9318 30.2528 1991.29 17.084 0.0  0.0  0.0  0.0  0.0  0.0  0.0  0.0  0.0  0.0  0.0  0.0 
26.0706 14.6572 11.4134 56.9241 17.7966 26.0706 2640.38 16.389 0.0  0.0  0.0  0.0  0.0  0.0  0.0  0.0  0.0  0.0  0.0  0.0 
44.2189 23.9771 20.2418 106.606 33.0558 44.2189 7845.73 32.118 0.0  0.0  0.0  0.0  0.0  0.0  0.0  0.0  0.0  0.0  0.0  0.0 
45.5001 24.9772 20.5229 111.362 33.6111 45.5001 12845.9 37.21 0.0  0.0  0.0  0.0  0.0  0.0  0.0  0.0  0.0  0.0  0.0  0.0 
32.0773 17.3411 14.7362 67.625 21.329 32.0773 12841.6 28.65 0.0  0.0  0.0  0.0  0.0  0.0  0.0  0.0  0.0  0.0  0.0  0.0 
39.9064 21.486 18.4204 93.2868 28.3847 39.9064 3176.86 23.637 0.0  0.0  0.0  0.0  0.0  0.0  0.0  0.0  0.0  0.0  0.0  0.0 
32.4748 17.3433 15.1315 69.9612 21.989 32.4748 1995.4 18.032 0.0  0.0  0.0  0.0  0.0  0.0  0.0  0.0  0.0  0.0  0.0  0.0 
24.6566 18.7546 5.902 31.6864 25.0743 24.6566 8988.16 494.21 0.0  0.0  0.0  0.0  0.0  0.0  0.0  0.0  0.0  0.0  0.0  0.0 
44.1507 23.7899 20.3608 110.527 32.4489 44.1507 3350.48 25.839 0.0  0.0  0.0  0.0  0.0  0.0  0.0  0.0  0.0  0.0  0.0  0.0 
26.0878 14.7367 11.3511 56.8033 17.7024 26.0878 5551.51 19.812 0.0  0.0  0.0  0.0  0.0  0.0  0.0  0.0  0.0  0.0  0.0  0.0 
32.6146 17.5345 15.0801 68.625 22.3507 32.6146 9015.57 26.501 0.0  0.0  0.0  0.0  0.0  0.0  0.0  0.0  0.0  0.0  0.0  0.0 
27.1425 15.1678 11.9747 58.6135 18.2061 27.1425 4987.78 19.85 0.0  0.0  0.0  0.0  0.0  0.0  0.0  0.0  0.0  0.0  0.0  0.0 
27.817 15.3803 12.4367 59.4033 18.7027 27.817 8486.48 23.188 0.0  0.0  0.0  0.0  0.0  0.0  0.0  0.0  0.0  0.0  0.0  0.0 
35.0719 19.1993 15.8726 76.2073 23.1784 35.0719 12308.2 30.284 0.0  0.0  0.0  0.0  0.0  0.0  0.0  0.0  0.0  0.0  0.0  0.0 
49.0914 26.7502 22.3412 133.586 36.9826 49.0914 7570.99 34.412 0.0  0.0  0.0  0.0  0.0  0.0  0.0  0.0  0.0  0.0  0.0  0.0 
33.343 17.98 15.363 70.6358 22.8131 33.343 8334.34 26.403 0.0  0.0  0.0  0.0  0.0  0.0  0.0  0.0  0.0  0.0  0.0  0.0 
46.0209 25.5106 20.5103 115.298 33.2117 46.0209 13356.1 37.884 0.0  0.0  0.0  0.0  0.0  0.0  0.0  0.0  0.0  0.0  0.0  0.0 
34.5978 30.4777 4.1201 148.103 28.8106 34.5978 733.297 1038 0.0  0.0  0.0  0.0  0.0  0.0  0.0  0.0  0.0  0.0  0.0  0.0 
32.2275 17.3007 14.9268 67.571 22.0874 32.2275 7759.15 25.275 0.0  0.0  0.0  0.0  0.0  0.0  0.0  0.0  0.0  0.0  0.0  0.0 
38.1494 20.8041 17.3453 84.6147 26.6501 38.1494 12907.8 32.656 0.0  0.0  0.0  0.0  0.0  0.0  0.0  0.0  0.0  0.0  0.0  0.0 
35.7894 19.1996 16.5898 77.4904 25.4018 35.7894 5734.55 25.305 0.0  0.0  0.0  0.0  0.0  0.0  0.0  0.0  0.0  0.0  0.0  0.0 
27.2644 15.2343 12.0301 58.8815 18.2014 27.2644 5354.26 20.28 0.0  0.0  0.0  0.0  0.0  0.0  0.0  0.0  0.0  0.0  0.0  0.0 
34.4525 18.6374 15.8151 73.6521 23.6896 34.4525 9650.43 28.092 0.0  0.0  0.0  0.0  0.0  0.0  0.0  0.0  0.0  0.0  0.0  0.0 
35.7017 19.5361 16.1656 78.7529 23.6911 35.7017 6633.85 26.194 0.0  0.0  0.0  0.0  0.0  0.0  0.0  0.0  0.0  0.0  0.0  0.0 
36.8272 20.1995 16.6277 81.3885 24.6461 36.8272 11326.8 30.748 0.0  0.0  0.0  0.0  0.0  0.0  0.0  0.0  0.0  0.0  0.0  0.0 
24.9827 11.4994 13.4833 44.2531 41.8463 24.9827 50.9428 5.8167 0.0  0.0  0.0  0.0  0.0  0.0  0.0  0.0  0.0  0.0  0.0  0.0 
36.9843 20.269 16.7153 81.9056 24.8573 36.9843 10174.5 30.011 0.0  0.0  0.0  0.0  0.0  0.0  0.0  0.0  0.0  0.0  0.0  0.0 
34.5099 18.5116 15.9983 73.4841 24.3211 34.5099 6803.52 25.725 0.0  0.0  0.0  0.0  0.0  0.0  0.0  0.0  0.0  0.0  0.0  0.0 
31.2812 16.8455 14.4357 65.9309 20.6653 31.2812 4785.45 21.839 0.0  0.0  0.0  0.0  0.0  0.0  0.0  0.0  0.0  0.0  0.0  0.0 
40.6932 21.8604 18.8328 90.4894 31.124 40.6932 13646.6 34.792 0.0  0.0  0.0  0.0  0.0  0.0  0.0  0.0  0.0  0.0  0.0  0.0 
31.9108 17.119 14.7918 66.6413 21.8154 31.9108 9608.33 26.503 0.0  0.0  0.0  0.0  0.0  0.0  0.0  0.0  0.0  0.0  0.0  0.0 
34.4852 18.578 15.9072 73.7584 23.9117 34.4852 7398.17 26.264 0.0  0.0  0.0  0.0  0.0  0.0  0.0  0.0  0.0  0.0  0.0  0.0 
32.2235 17.4651 14.7584 68.4025 21.1136 32.2235 6762.41 24.387 0.0  0.0  0.0  0.0  0.0  0.0  0.0  0.0  0.0  0.0  0.0  0.0 
25.5895 14.5116 11.0779 55.8161 17.52 25.5895 6297.4 20.305 0.0  0.0  0.0  0.0  0.0  0.0  0.0  0.0  0.0  0.0  0.0  0.0 
34.6354 18.9969 15.6385 75.1146 22.5229 34.6354 13047.2 30.449 0.0  0.0  0.0  0.0  0.0  0.0  0.0  0.0  0.0  0.0  0.0  0.0 
30.334 16.4833 13.8507 64.1051 19.6394 30.334 5416.19 22.018 0.0  0.0  0.0  0.0  0.0  0.0  0.0  0.0  0.0  0.0  0.0  0.0 
33.2721 18.0536 15.2185 70.747 22.1448 33.2721 13824.8 30.003 0.0  0.0  0.0  0.0  0.0  0.0  0.0  0.0  0.0  0.0  0.0  0.0 
28.1376 15.5494 12.5882 60.0787 18.7721 28.1376 13692.8 26.433 0.0  0.0  0.0  0.0  0.0  0.0  0.0  0.0  0.0  0.0  0.0  0.0 
34.5635 18.9358 15.6277 74.9513 22.4893 34.5635 11493.1 29.431 0.0  0.0  0.0  0.0  0.0  0.0  0.0  0.0  0.0  0.0  0.0  0.0 
34.2958 18.3401 15.9557 74.8446 23.6124 34.2958 2427.05 19.728 0.0  0.0  0.0  0.0  0.0  0.0  0.0  0.0  0.0  0.0  0.0  0.0 
41.2332 22.6669 18.5663 95.9257 28.7913 41.2332 9959.62 32.377 0.0  0.0  0.0  0.0  0.0  0.0  0.0  0.0  0.0  0.0  0.0  0.0 
29.2236 15.9176 13.306 62.3616 19.3278 29.2236 2649.47 17.876 0.0  0.0  0.0  0.0  0.0  0.0  0.0  0.0  0.0  0.0  0.0  0.0 
28.2871 15.6661 12.621 60.6341 18.6509 28.2871 6412.94 21.824 0.0  0.0  0.0  0.0  0.0  0.0  0.0  0.0  0.0  0.0  0.0  0.0 
29.683 16.038 13.645 62.0601 19.8769 29.683 8349.69 24.221 0.0  0.0  0.0  0.0  0.0  0.0  0.0  0.0  0.0  0.0  0.0  0.0 
25.6598 19.4456 6.2142 32.5208 25.5546 25.6598 3095.95 719.55 0.0  0.0  0.0  0.0  0.0  0.0  0.0  0.0  0.0  0.0  0.0  0.0 
41.1976 22.4898 18.7078 95.1027 29.4596 41.1976 9419.47 31.909 0.0  0.0  0.0  0.0  0.0  0.0  0.0  0.0  0.0  0.0  0.0  0.0 
30.685 16.4265 14.2585 65.0327 20.3397 30.685 2235.73 17.779 0.0  0.0  0.0  0.0  0.0  0.0  0.0  0.0  0.0  0.0  0.0  0.0 
29.4243 20.1445 9.2798 33.4674 22.1136 29.4243 9620.09 6090.3 0.0  0.0  0.0  0.0  0.0  0.0  0.0  0.0  0.0  0.0  0.0  0.0 
43.8603 23.7796 20.0807 103.849 33.011 43.8603 10368.7 34.288 0.0  0.0  0.0  0.0  0.0  0.0  0.0  0.0  0.0  0.0  0.0  0.0 
34.5475 18.8506 15.6969 74.6059 22.8255 34.5475 11290.5 29.294 0.0  0.0  0.0  0.0  0.0  0.0  0.0  0.0  0.0  0.0  0.0  0.0 
36.5863 19.6579 16.9284 78.5653 26.5953 36.5863 12357.8 31.318 0.0  0.0  0.0  0.0  0.0  0.0  0.0  0.0  0.0  0.0  0.0  0.0 
41.7354 22.4673 19.2681 96.6763 31.1394 41.7354 6811.13 29.67 0.0  0.0  0.0  0.0  0.0  0.0  0.0  0.0  0.0  0.0  0.0  0.0 
36.0826 19.3398 16.7428 78.8137 25.5926 36.0826 4633.53 24.113 0.0  0.0  0.0  0.0  0.0  0.0  0.0  0.0  0.0  0.0  0.0  0.0 
39.688 21.6303 18.0577 91.8693 27.633 39.688 5217.38 26.674 0.0  0.0  0.0  0.0  0.0  0.0  0.0  0.0  0.0  0.0  0.0  0.0 
36.41 19.6712 16.7388 81.9242 24.99 36.41 2966.09 21.687 0.0  0.0  0.0  0.0  0.0  0.0  0.0  0.0  0.0  0.0  0.0  0.0 
43.8015 23.5697 20.2318 102.244 33.8331 43.8015 10203.2 34.124 0.0  0.0  0.0  0.0  0.0  0.0  0.0  0.0  0.0  0.0  0.0  0.0 
10.4264 6.4619 3.9645 28.4235 17.2661 10.4264 996.2 118.74 0.0  0.0  0.0  0.0  0.0  0.0  0.0  0.0  0.0  0.0  0.0  0.0 
38.709 21.2137 17.4953 87.1559 26.6078 38.709 10031.3 30.941 0.0  0.0  0.0  0.0  0.0  0.0  0.0  0.0  0.0  0.0  0.0  0.0 
35.5284 19.4144 16.114 78.1165 23.6587 35.5284 6640.49 26.107 0.0  0.0  0.0  0.0  0.0  0.0  0.0  0.0  0.0  0.0  0.0  0.0 
31.9742 17.3322 14.642 67.5827 20.9354 31.9742 11135.7 27.553 0.0  0.0  0.0  0.0  0.0  0.0  0.0  0.0  0.0  0.0  0.0  0.0 
43.1655 23.4047 19.7608 102.667 31.8698 43.1655 7614.89 31.302 0.0  0.0  0.0  0.0  0.0  0.0  0.0  0.0  0.0  0.0  0.0  0.0 
33.3255 18.0134 15.3121 70.7731 22.6308 33.3255 8974.89 26.895 0.0  0.0  0.0  0.0  0.0  0.0  0.0  0.0  0.0  0.0  0.0  0.0 
34.3673 18.456 15.9113 72.6174 24.4645 34.3673 12528.7 29.989 0.0  0.0  0.0  0.0  0.0  0.0  0.0  0.0  0.0  0.0  0.0  0.0 
33.2158 17.8714 15.3444 71.1473 22.5505 33.2158 4003.24 21.832 0.0  0.0  0.0  0.0  0.0  0.0  0.0  0.0  0.0  0.0  0.0  0.0 
38.2314 20.8698 17.3616 84.828 26.6789 38.2314 13644.2 33.176 0.0  0.0  0.0  0.0  0.0  0.0  0.0  0.0  0.0  0.0  0.0  0.0 
46.5599 25.3018 21.2581 117.762 35.0098 46.5599 7959.18 33.504 0.0  0.0  0.0  0.0  0.0  0.0  0.0  0.0  0.0  0.0  0.0  0.0 
32.4505 24.3423 8.1082 37.7183 19.3614 32.4505 6573.58 1136.4 0.0  0.0  0.0  0.0  0.0  0.0  0.0  0.0  0.0  0.0  0.0  0.0 
24.8859 20.1018 4.7841 34.4253 19.1366 24.8859 2171.89 373.94 0.0  0.0  0.0  0.0  0.0  0.0  0.0  0.0  0.0  0.0  0.0  0.0 
34.8384 19.0477 15.7907 75.3859 23.0283 34.8384 11996.6 29.937 0.0  0.0  0.0  0.0  0.0  0.0  0.0  0.0  0.0  0.0  0.0  0.0 
37.0827 19.9564 17.1263 80.697 26.7551 37.0827 9110.59 29.256 0.0  0.0  0.0  0.0  0.0  0.0  0.0  0.0  0.0  0.0  0.0  0.0 
33.0577 17.7894 15.2683 69.9217 22.6716 33.0577 7455.82 25.496 0.0  0.0  0.0  0.0  0.0  0.0  0.0  0.0  0.0  0.0  0.0  0.0 
31.8876 17.2377 14.6499 67.0979 21.1717 31.8876 11523.3 27.743 0.0  0.0  0.0  0.0  0.0  0.0  0.0  0.0  0.0  0.0  0.0  0.0 
42.696 22.9573 19.7387 99.4199 32.4046 42.696 7940.06 31.392 0.0  0.0  0.0  0.0  0.0  0.0  0.0  0.0  0.0  0.0  0.0  0.0 
33.7311 18.44 15.2911 72.4718 21.9861 33.7311 12349.4 29.439 0.0  0.0  0.0  0.0  0.0  0.0  0.0  0.0  0.0  0.0  0.0  0.0 
30.977 16.7393 14.2377 65.2506 20.1548 30.977 5786.13 22.753 0.0  0.0  0.0  0.0  0.0  0.0  0.0  0.0  0.0  0.0  0.0  0.0 
32.1892 17.442 14.7472 68.0215 21.2114 32.1892 13730.4 29.219 0.0  0.0  0.0  0.0  0.0  0.0  0.0  0.0  0.0  0.0  0.0  0.0 
33.7622 18.3392 15.423 72.1376 22.5205 33.7622 9830.49 27.795 0.0  0.0  0.0  0.0  0.0  0.0  0.0  0.0  0.0  0.0  0.0  0.0 
40.5599 22.2944 18.2655 95.1025 27.9316 40.5599 6874.71 29.081 0.0  0.0  0.0  0.0  0.0  0.0  0.0  0.0  0.0  0.0  0.0  0.0 
39.92 22.0708 17.8492 91.8997 27.0412 39.92 11739.9 32.951 0.0  0.0  0.0  0.0  0.0  0.0  0.0  0.0  0.0  0.0  0.0  0.0 
40.711 22.2949 18.4161 93.579 28.7417 40.711 10824.6 32.768 0.0  0.0  0.0  0.0  0.0  0.0  0.0  0.0  0.0  0.0  0.0  0.0 
34.4766 18.4728 16.0038 73.696 24.2274 34.4766 5611.87 24.471 0.0  0.0  0.0  0.0  0.0  0.0  0.0  0.0  0.0  0.0  0.0  0.0 
32.505 17.4275 15.0775 68.5302 22.3618 32.505 5360.12 23.14 0.0  0.0  0.0  0.0  0.0  0.0  0.0  0.0  0.0  0.0  0.0  0.0 
37.2665 20.2141 17.0524 81.4473 26.3081 37.2665 12682.1 31.952 0.0  0.0  0.0  0.0  0.0  0.0  0.0  0.0  0.0  0.0  0.0  0.0 
40.9628 22.0535 18.9093 96.3695 29.6301 40.9628 4043.49 25.613 0.0  0.0  0.0  0.0  0.0  0.0  0.0  0.0  0.0  0.0  0.0  0.0 
30.8023 16.5376 14.2647 64.435 20.5024 30.8023 4916.93 21.74 0.0  0.0  0.0  0.0  0.0  0.0  0.0  0.0  0.0  0.0  0.0  0.0 
7.0698 3.5412 3.5286 35.1919 30.7945 7.0698 11712.5 46.116 0.0  0.0  0.0  0.0  0.0  0.0  0.0  0.0  0.0  0.0  0.0  0.0 
36.7396 20.0072 16.7324 81.2807 25.0348 36.7396 7072.67 27.212 0.0  0.0  0.0  0.0  0.0  0.0  0.0  0.0  0.0  0.0  0.0  0.0 
35.1829 18.8035 16.3794 79.1362 24.1462 35.1829 1479.1 17.763 0.0  0.0  0.0  0.0  0.0  0.0  0.0  0.0  0.0  0.0  0.0  0.0 
33.448 18.0753 15.3727 70.8637 22.759 33.448 12219 29.19 0.0  0.0  0.0  0.0  0.0  0.0  0.0  0.0  0.0  0.0  0.0  0.0 
43.203 23.4648 19.7382 101.76 32.0773 43.203 10115 33.685 0.0  0.0  0.0  0.0  0.0  0.0  0.0  0.0  0.0  0.0  0.0  0.0 
10.0426 4.9385 5.1041 41.4777 35.7261 10.0426 5274.72 68.141 0.0  0.0  0.0  0.0  0.0  0.0  0.0  0.0  0.0  0.0  0.0  0.0 
6.4145 3.3295 3.085 27.9478 11.3929 6.4145 10575.8 11.944 0.0  0.0  0.0  0.0  0.0  0.0  0.0  0.0  0.0  0.0  0.0  0.0 
38.8212 21.3428 17.4784 87.6127 26.4381 38.8212 11285.1 31.954 0.0  0.0  0.0  0.0  0.0  0.0  0.0  0.0  0.0  0.0  0.0  0.0 
9.5808 4.7922 4.7886 40.3724 34.8287 9.5808 638.959 5.5028 0.0  0.0  0.0  0.0  0.0  0.0  0.0  0.0  0.0  0.0  0.0  0.0 
39.7287 21.5663 18.1624 91.0671 28.2263 39.7287 6388.65 28.118 0.0  0.0  0.0  0.0  0.0  0.0  0.0  0.0  0.0  0.0  0.0  0.0 
36.2241 19.7621 16.462 80.7464 24.2838 36.2241 5013.7 24.655 0.0  0.0  0.0  0.0  0.0  0.0  0.0  0.0  0.0  0.0  0.0  0.0 
32.3507 17.3315 15.0192 68.4887 22.0404 32.3507 3960.55 21.35 0.0  0.0  0.0  0.0  0.0  0.0  0.0  0.0  0.0  0.0  0.0  0.0 
35.0594 18.9215 16.1379 77.8023 23.7668 35.0594 2606.36 20.411 0.0  0.0  0.0  0.0  0.0  0.0  0.0  0.0  0.0  0.0  0.0  0.0 
8.083 4.1405 3.9425 32.1199 32.0298 8.083 4595.72 9.1805 0.0  0.0  0.0  0.0  0.0  0.0  0.0  0.0  0.0  0.0  0.0  0.0 
39.392 21.1761 18.2159 87.904 29.0187 39.392 7888.11 29.503 0.0  0.0  0.0  0.0  0.0  0.0  0.0  0.0  0.0  0.0  0.0  0.0 
34.5325 18.6054 15.9271 73.7279 24.1367 34.5325 7987.1 26.812 0.0  0.0  0.0  0.0  0.0  0.0  0.0  0.0  0.0  0.0  0.0  0.0 
29.6413 15.8809 13.7604 63.5126 19.6916 29.6413 1301.67 15.128 0.0  0.0  0.0  0.0  0.0  0.0  0.0  0.0  0.0  0.0  0.0  0.0 
35.9579 19.7693 16.1886 78.966 23.5889 35.9579 12480.2 30.958 0.0  0.0  0.0  0.0  0.0  0.0  0.0  0.0  0.0  0.0  0.0  0.0 
29.2555 16.0708 13.1847 62.1516 19.0904 29.2555 7764.41 23.515 0.0  0.0  0.0  0.0  0.0  0.0  0.0  0.0  0.0  0.0  0.0  0.0 
47.7749 25.8742 21.9007 119.551 37.4532 47.7749 12591.1 38.425 0.0  0.0  0.0  0.0  0.0  0.0  0.0  0.0  0.0  0.0  0.0  0.0 
26.8886 16.9864 9.9022 45.6604 20.913 26.8886 9.6722 1619.4 0.0  0.0  0.0  0.0  0.0  0.0  0.0  0.0  0.0  0.0  0.0  0.0 
36.014 19.4347 16.5793 78.2356 25.2473 36.014 7140.95 26.886 0.0  0.0  0.0  0.0  0.0  0.0  0.0  0.0  0.0  0.0  0.0  0.0 
8.9922 4.5641 4.4281 33.7848 33.7447 8.9922 8103.9 11.392 0.0  0.0  0.0  0.0  0.0  0.0  0.0  0.0  0.0  0.0  0.0  0.0 
29.0966 15.9044 13.1922 62.1231 19.1566 29.0966 3431.76 19.038 0.0  0.0  0.0  0.0  0.0  0.0  0.0  0.0  0.0  0.0  0.0  0.0 
42.4084 23.0852 19.3232 99.498 30.8917 42.4084 9082.99 32.311 0.0  0.0  0.0  0.0  0.0  0.0  0.0  0.0  0.0  0.0  0.0  0.0 
32.1144 17.1902 14.9242 67.7043 21.9958 32.1144 4269.39 21.642 0.0  0.0  0.0  0.0  0.0  0.0  0.0  0.0  0.0  0.0  0.0  0.0 
35.1173 18.9703 16.147 77.1757 23.8698 35.1173 3699.21 22.31 0.0  0.0  0.0  0.0  0.0  0.0  0.0  0.0  0.0  0.0  0.0  0.0 
17.5765 13.2563 4.3202 27.1027 22.1939 17.5765 1002.76 284.01 0.0  0.0  0.0  0.0  0.0  0.0  0.0  0.0  0.0  0.0  0.0  0.0 
33.422 18.0862 15.3358 72.3479 22.2231 33.422 3595.62 21.342 0.0  0.0  0.0  0.0  0.0  0.0  0.0  0.0  0.0  0.0  0.0  0.0 
25.5029 14.7837 10.7192 56.9395 16.4532 25.5029 13424.9 24.393 0.0  0.0  0.0  0.0  0.0  0.0  0.0  0.0  0.0  0.0  0.0  0.0 
30.1005 16.2036 13.8969 62.6782 20.1229 30.1005 10060.1 25.678 0.0  0.0  0.0  0.0  0.0  0.0  0.0  0.0  0.0  0.0  0.0  0.0 
29.0617 15.7757 13.286 61.5868 19.4277 29.0617 2986.57 18.357 0.0  0.0  0.0  0.0  0.0  0.0  0.0  0.0  0.0  0.0  0.0  0.0 
31.3473 16.8647 14.4826 65.6628 20.9401 31.3473 7170.99 24.258 0.0  0.0  0.0  0.0  0.0  0.0  0.0  0.0  0.0  0.0  0.0  0.0 
45.9822 25.3398 20.6424 115.565 33.3113 45.9822 10522.8 35.629 0.0  0.0  0.0  0.0  0.0  0.0  0.0  0.0  0.0  0.0  0.0  0.0 
31.8612 17.0732 14.788 67.3433 21.517 31.8612 3802.03 20.891 0.0  0.0  0.0  0.0  0.0  0.0  0.0  0.0  0.0  0.0  0.0  0.0 
40.9149 21.9799 18.935 96.1874 29.7691 40.9149 3755.31 25.12 0.0  0.0  0.0  0.0  0.0  0.0  0.0  0.0  0.0  0.0  0.0  0.0 
41.8778 22.8791 18.9987 96.7012 30.4639 41.8778 12717.5 34.885 0.0  0.0  0.0  0.0  0.0  0.0  0.0  0.0  0.0  0.0  0.0  0.0 
40.8214 22.3282 18.4932 96.6731 28.4136 40.8214 5073.6 27.044 0.0  0.0  0.0  0.0  0.0  0.0  0.0  0.0  0.0  0.0  0.0  0.0 
35.7835 19.6369 16.1466 78.2872 23.6679 35.7835 13671.7 31.577 0.0  0.0  0.0  0.0  0.0  0.0  0.0  0.0  0.0  0.0  0.0  0.0 
39.573 21.4588 18.1142 88.834 28.5603 39.573 10359.5 31.735 0.0  0.0  0.0  0.0  0.0  0.0  0.0  0.0  0.0  0.0  0.0  0.0 
44.4589 24.0302 20.4287 107.752 33.3999 44.4589 6963.92 31.282 0.0  0.0  0.0  0.0  0.0  0.0  0.0  0.0  0.0  0.0  0.0  0.0 
18.9144 15.334 3.5804 29.1755 21.2735 18.9144 7402.64 475.56 0.0  0.0  0.0  0.0  0.0  0.0  0.0  0.0  0.0  0.0  0.0  0.0 
45.7495 25.1834 20.5661 112.958 33.576 45.7495 13009 37.478 0.0  0.0  0.0  0.0  0.0  0.0  0.0  0.0  0.0  0.0  0.0  0.0 
34.7415 18.7488 15.9927 74.3819 24.1216 34.7415 8813.89 27.621 0.0  0.0  0.0  0.0  0.0  0.0  0.0  0.0  0.0  0.0  0.0  0.0 
35.1118 19.2077 15.9041 76.2074 23.3134 35.1118 13637.6 31.117 0.0  0.0  0.0  0.0  0.0  0.0  0.0  0.0  0.0  0.0  0.0  0.0 
7.4255 4.1278 3.2977 32.4317 30.1422 7.4255 10480.4 35.703 0.0  0.0  0.0  0.0  0.0  0.0  0.0  0.0  0.0  0.0  0.0  0.0 
26.7482 15.0247 11.7235 58.0112 17.9737 26.7482 4392.32 18.978 0.0  0.0  0.0  0.0  0.0  0.0  0.0  0.0  0.0  0.0  0.0  0.0 
51.7361 28.2425 23.4936 146.975 40.3545 51.7361 13811.9 41.753 0.0  0.0  0.0  0.0  0.0  0.0  0.0  0.0  0.0  0.0  0.0  0.0 
36.6113 20.0078 16.6035 80.5075 24.76 36.6113 10381.8 29.942 0.0  0.0  0.0  0.0  0.0  0.0  0.0  0.0  0.0  0.0  0.0  0.0 
31.1151 16.6598 14.4553 66.4982 20.6012 31.1151 1894.44 17.235 0.0  0.0  0.0  0.0  0.0  0.0  0.0  0.0  0.0  0.0  0.0  0.0 
31.8405 17.2615 14.579 67.2653 20.8273 31.8405 10649.6 27.154 0.0  0.0  0.0  0.0  0.0  0.0  0.0  0.0  0.0  0.0  0.0  0.0 
32.2166 17.3584 14.8582 68.0918 21.6295 32.2166 6083.07 23.737 0.0  0.0  0.0  0.0  0.0  0.0  0.0  0.0  0.0  0.0  0.0  0.0 
27.6777 15.375 12.3027 59.3409 18.5167 27.6777 11299.5 24.877 0.0  0.0  0.0  0.0  0.0  0.0  0.0  0.0  0.0  0.0  0.0  0.0 
28.2435 15.4994 12.7441 60.9502 18.8614 28.2435 2149.97 16.546 0.0  0.0  0.0  0.0  0.0  0.0  0.0  0.0  0.0  0.0  0.0  0.0 
37.293 20.1458 17.1472 83.4027 26.0048 37.293 4469.81 24.483 0.0  0.0  0.0  0.0  0.0  0.0  0.0  0.0  0.0  0.0  0.0  0.0 
37.4067 20.4026 17.0041 82.9931 25.7038 37.4067 8850.19 29.211 0.0  0.0  0.0  0.0  0.0  0.0  0.0  0.0  0.0  0.0  0.0  0.0 
40.5874 22.0896 18.4978 92.3646 29.2605 40.5874 11438 33.169 0.0  0.0  0.0  0.0  0.0  0.0  0.0  0.0  0.0  0.0  0.0  0.0 
27.9883 14.492 13.4963 54.7651 53.8931 27.9883 1515.9 15.085 0.0  0.0  0.0  0.0  0.0  0.0  0.0  0.0  0.0  0.0  0.0  0.0 
40.2294 21.7736 18.4558 93.9041 28.4925 40.2294 4303.26 25.665 0.0  0.0  0.0  0.0  0.0  0.0  0.0  0.0  0.0  0.0  0.0  0.0 
42.2011 23.2759 18.9252 99.4586 29.4834 42.2011 10896.3 33.707 0.0  0.0  0.0  0.0  0.0  0.0  0.0  0.0  0.0  0.0  0.0  0.0 
6.7857 3.7424 3.0433 28.3742 27.7664 6.7857 6253.41 134.22 0.0  0.0  0.0  0.0  0.0  0.0  0.0  0.0  0.0  0.0  0.0  0.0 
48.8079 26.4763 22.3316 131.589 36.9982 48.8079 7011.17 33.602 0.0  0.0  0.0  0.0  0.0  0.0  0.0  0.0  0.0  0.0  0.0  0.0 
34.1209 18.3616 15.7593 72.197 23.9835 34.1209 11491.8 29.172 0.0  0.0  0.0  0.0  0.0  0.0  0.0  0.0  0.0  0.0  0.0  0.0 
41.4482 22.3022 19.146 94.5938 31.2105 41.4482 8598.57 31.334 0.0  0.0  0.0  0.0  0.0  0.0  0.0  0.0  0.0  0.0  0.0  0.0 
39.8113 21.6332 18.1781 89.08 28.8993 39.8113 13585.6 34.168 0.0  0.0  0.0  0.0  0.0  0.0  0.0  0.0  0.0  0.0  0.0  0.0 
44.1286 23.9571 20.1715 104.9 33.1497 44.1286 10705.6 34.727 0.0  0.0  0.0  0.0  0.0  0.0  0.0  0.0  0.0  0.0  0.0  0.0 
43.9763 24.1089 19.8674 105.026 32.1754 43.9763 12322.3 35.89 0.0  0.0  0.0  0.0  0.0  0.0  0.0  0.0  0.0  0.0  0.0  0.0 
32.9173 17.6674 15.2499 70.3609 22.3856 32.9173 3592.81 21.103 0.0  0.0  0.0  0.0  0.0  0.0  0.0  0.0  0.0  0.0  0.0  0.0 
36.3197 19.6098 16.7099 78.3526 25.8487 36.3197 11509.7 30.578 0.0  0.0  0.0  0.0  0.0  0.0  0.0  0.0  0.0  0.0  0.0  0.0 
40.7346 21.9062 18.8284 96.2872 29.2892 40.7346 3140.79 23.937 0.0  0.0  0.0  0.0  0.0  0.0  0.0  0.0  0.0  0.0  0.0  0.0 
38.7572 21.0692 17.688 86.5036 27.5416 38.7572 10721.8 31.517 0.0  0.0  0.0  0.0  0.0  0.0  0.0  0.0  0.0  0.0  0.0  0.0 
30.8172 16.4256 14.3916 66.1133 20.5104 30.8172 1358.53 15.743 0.0  0.0  0.0  0.0  0.0  0.0  0.0  0.0  0.0  0.0  0.0  0.0 
32.0842 17.1993 14.8849 67.6978 21.7738 32.0842 4483.7 21.896 0.0  0.0  0.0  0.0  0.0  0.0  0.0  0.0  0.0  0.0  0.0  0.0 
39.0711 21.2462 17.8249 87.7465 27.7193 39.0711 9298.9 30.571 0.0  0.0  0.0  0.0  0.0  0.0  0.0  0.0  0.0  0.0  0.0  0.0 
34.5803 18.6592 15.9211 73.9522 24.0118 34.5803 9009.77 27.681 0.0  0.0  0.0  0.0  0.0  0.0  0.0  0.0  0.0  0.0  0.0  0.0 
6.5794 3.3394 3.24 34.1518 29.9752 6.5794 1214.14 5.0448 0.0  0.0  0.0  0.0  0.0  0.0  0.0  0.0  0.0  0.0  0.0  0.0 
35.7015 19.5259 16.1756 78.065 23.7859 35.7015 9587.59 28.788 0.0  0.0  0.0  0.0  0.0  0.0  0.0  0.0  0.0  0.0  0.0  0.0 
36.1568 19.4974 16.6594 78.7855 25.4567 36.1568 6802.37 26.633 0.0  0.0  0.0  0.0  0.0  0.0  0.0  0.0  0.0  0.0  0.0  0.0 
30.4617 16.2813 14.1804 64.0421 20.3178 30.4617 2594.67 18.355 0.0  0.0  0.0  0.0  0.0  0.0  0.0  0.0  0.0  0.0  0.0  0.0 
13.3439 9.2534 4.0905 37.9214 12.5873 13.3439 70.0956 146.46 0.0  0.0  0.0  0.0  0.0  0.0  0.0  0.0  0.0  0.0  0.0  0.0 
33.2223 17.9854 15.2369 70.5246 22.3315 33.2223 12027.4 28.922 0.0  0.0  0.0  0.0  0.0  0.0  0.0  0.0  0.0  0.0  0.0  0.0 
34.5679 18.8311 15.7368 75.0854 22.9306 34.5679 6458.64 25.398 0.0  0.0  0.0  0.0  0.0  0.0  0.0  0.0  0.0  0.0  0.0  0.0 
7.4001 3.738 3.6621 31.3014 31.2571 7.4001 8665.72 30.267 0.0  0.0  0.0  0.0  0.0  0.0  0.0  0.0  0.0  0.0  0.0  0.0 
33.1066 17.8778 15.2288 69.8951 22.523 33.1066 13851.7 29.913 0.0  0.0  0.0  0.0  0.0  0.0  0.0  0.0  0.0  0.0  0.0  0.0 
28.5756 15.758 12.8176 61.0954 18.847 28.5756 6358.8 21.935 0.0  0.0  0.0  0.0  0.0  0.0  0.0  0.0  0.0  0.0  0.0  0.0 
31.1076 16.7146 14.393 65.1819 20.7432 31.1076 5499.59 22.535 0.0  0.0  0.0  0.0  0.0  0.0  0.0  0.0  0.0  0.0  0.0  0.0 
49.0941 26.6114 22.4827 130.52 37.9162 49.0941 8945.29 35.926 0.0  0.0  0.0  0.0  0.0  0.0  0.0  0.0  0.0  0.0  0.0  0.0 
30.7108 16.4818 14.229 64.6567 20.3054 30.7108 3187.45 19.44 0.0  0.0  0.0  0.0  0.0  0.0  0.0  0.0  0.0  0.0  0.0  0.0 
40.3621 22.0136 18.3485 92.6252 28.6475 40.3621 8903.6 30.973 0.0  0.0  0.0  0.0  0.0  0.0  0.0  0.0  0.0  0.0  0.0  0.0 
44.6738 24.536 20.1378 108.462 32.5932 44.6738 11302.6 35.518 0.0  0.0  0.0  0.0  0.0  0.0  0.0  0.0  0.0  0.0  0.0  0.0 
36.2718 19.5544 16.7174 79.2601 25.4796 36.2718 6143.66 26.009 0.0  0.0  0.0  0.0  0.0  0.0  0.0  0.0  0.0  0.0  0.0  0.0 
32.9568 18.2253 14.7315 61.805 56.7982 32.9568 3622.46 21.137 0.0  0.0  0.0  0.0  0.0  0.0  0.0  0.0  0.0  0.0  0.0  0.0 
38.1764 20.6747 17.5017 84.3508 27.2856 38.1764 10522.3 31.017 0.0  0.0  0.0  0.0  0.0  0.0  0.0  0.0  0.0  0.0  0.0  0.0 
32.4067 17.584 14.8227 68.5893 21.2857 32.4067 12513.9 28.675 0.0  0.0  0.0  0.0  0.0  0.0  0.0  0.0  0.0  0.0  0.0  0.0 
36.6658 19.9907 16.6751 80.3347 25.0442 36.6658 11095.5 30.495 0.0  0.0  0.0  0.0  0.0  0.0  0.0  0.0  0.0  0.0  0.0  0.0 
29.4995 16.0154 13.4841 61.9048 19.7105 29.4995 10810.6 25.76 0.0  0.0  0.0  0.0  0.0  0.0  0.0  0.0  0.0  0.0  0.0  0.0 
37.5818 20.1496 17.4322 84.8013 26.6204 37.5818 3141.6 22.537 0.0  0.0  0.0  0.0  0.0  0.0  0.0  0.0  0.0  0.0  0.0  0.0 
35.0026 22.2433 12.7593 57.0095 18.4014 35.0026 12438.1 965.79 0.0  0.0  0.0  0.0  0.0  0.0  0.0  0.0  0.0  0.0  0.0  0.0 
26.8365 15.0031 11.8334 57.9717 18.1556 26.8365 5093.8 19.779 0.0  0.0  0.0  0.0  0.0  0.0  0.0  0.0  0.0  0.0  0.0  0.0 
43.985 24.1811 19.8039 105.678 31.8754 43.985 11655.5 35.382 0.0  0.0  0.0  0.0  0.0  0.0  0.0  0.0  0.0  0.0  0.0  0.0 
8.2408 5.2014 3.0394 30.5074 11.2231 8.2408 76.0584 100.96 0.0  0.0  0.0  0.0  0.0  0.0  0.0  0.0  0.0  0.0  0.0  0.0 
39.4181 21.4125 18.0056 88.0181 28.3294 39.4181 13094.6 33.597 0.0  0.0  0.0  0.0  0.0  0.0  0.0  0.0  0.0  0.0  0.0  0.0 
28.596 15.5973 12.9987 60.7371 19.2402 28.596 3548.22 18.938 0.0  0.0  0.0  0.0  0.0  0.0  0.0  0.0  0.0  0.0  0.0  0.0 
36.9839 20.1377 16.8462 81.4347 25.4072 36.9839 9117.86 29.188 0.0  0.0  0.0  0.0  0.0  0.0  0.0  0.0  0.0  0.0  0.0  0.0 
42.7492 23.4632 19.286 100.769 30.7299 42.7492 12038.2 34.925 0.0  0.0  0.0  0.0  0.0  0.0  0.0  0.0  0.0  0.0  0.0  0.0 
35.5987 19.4045 16.1942 77.1379 24.0747 35.5987 12604.9 30.818 0.0  0.0  0.0  0.0  0.0  0.0  0.0  0.0  0.0  0.0  0.0  0.0 
31.7069 17.2194 14.4875 67.1025 20.4157 31.7069 9427.35 26.233 0.0  0.0  0.0  0.0  0.0  0.0  0.0  0.0  0.0  0.0  0.0  0.0 
40.2805 22.1267 18.1538 92.6255 27.9354 40.2805 10328.8 32.114 0.0  0.0  0.0  0.0  0.0  0.0  0.0  0.0  0.0  0.0  0.0  0.0 
33.3939 18.0287 15.3652 72.9537 22.264 33.3939 2482.55 19.44 0.0  0.0  0.0  0.0  0.0  0.0  0.0  0.0  0.0  0.0  0.0  0.0 
27.6313 15.3956 12.2357 59.555 18.3561 27.6313 6160.47 21.329 0.0  0.0  0.0  0.0  0.0  0.0  0.0  0.0  0.0  0.0  0.0  0.0 
41.2223 22.4062 18.8161 94.0961 30.0994 41.2223 11576.3 33.663 0.0  0.0  0.0  0.0  0.0  0.0  0.0  0.0  0.0  0.0  0.0  0.0 
27.6916 15.4427 12.2489 59.6285 18.3831 27.6916 7318.3 22.236 0.0  0.0  0.0  0.0  0.0  0.0  0.0  0.0  0.0  0.0  0.0  0.0 
34.0192 18.435 15.5842 73.6564 22.7446 34.0192 4765.16 23.226 0.0  0.0  0.0  0.0  0.0  0.0  0.0  0.0  0.0  0.0  0.0  0.0 
26.7437 14.856 11.8877 58.2452 18.1874 26.7437 1909.65 15.426 0.0  0.0  0.0  0.0  0.0  0.0  0.0  0.0  0.0  0.0  0.0  0.0 
41.2182 22.3019 18.9163 96.9553 29.6955 41.2182 4905.37 27.022 0.0  0.0  0.0  0.0  0.0  0.0  0.0  0.0  0.0  0.0  0.0  0.0 
35.3902 18.9693 16.4209 77.0876 24.8138 35.3902 4080.88 23.011 0.0  0.0  0.0  0.0  0.0  0.0  0.0  0.0  0.0  0.0  0.0  0.0 
41.7371 28.5616 13.1755 61.7464 25.813 41.7371 5693.35 5135.7 0.0  0.0  0.0  0.0  0.0  0.0  0.0  0.0  0.0  0.0  0.0  0.0 
29.6255 15.9296 13.6959 62.4253 19.8439 29.6255 2547.64 17.894 0.0  0.0  0.0  0.0  0.0  0.0  0.0  0.0  0.0  0.0  0.0  0.0 
32.9995 17.6892 15.3103 70.034 22.7546 32.9995 4630.55 22.547 0.0  0.0  0.0  0.0  0.0  0.0  0.0  0.0  0.0  0.0  0.0  0.0 
37.1067 20.3457 16.761 82.2189 24.9418 37.1067 10710.5 30.483 0.0  0.0  0.0  0.0  0.0  0.0  0.0  0.0  0.0  0.0  0.0  0.0 
40.3512 21.7581 18.5931 91.836 29.6465 40.3512 7113.96 29.251 0.0  0.0  0.0  0.0  0.0  0.0  0.0  0.0  0.0  0.0  0.0  0.0 
20.5142 17.4944 3.0198 31.4366 27.359 20.5142 1292.31 446.01 0.0  0.0  0.0  0.0  0.0  0.0  0.0  0.0  0.0  0.0  0.0  0.0 
33.6965 18.2392 15.4573 71.9411 22.853 33.6965 7871.6 26.221 0.0  0.0  0.0  0.0  0.0  0.0  0.0  0.0  0.0  0.0  0.0  0.0 
39.8474 21.4299 18.4175 94.9398 28.1153 39.8474 2113.46 21.322 0.0  0.0  0.0  0.0  0.0  0.0  0.0  0.0  0.0  0.0  0.0  0.0 
40.4519 22.1391 18.3128 92.2172 28.6745 40.4519 13118.6 34.259 0.0  0.0  0.0  0.0  0.0  0.0  0.0  0.0  0.0  0.0  0.0  0.0 
29.7733 16.2689 13.5044 63.0149 19.4078 29.7733 6678.83 22.903 0.0  0.0  0.0  0.0  0.0  0.0  0.0  0.0  0.0  0.0  0.0  0.0 
42.0455 23.0437 19.0018 100.744 29.532 42.0455 6064.55 28.936 0.0  0.0  0.0  0.0  0.0  0.0  0.0  0.0  0.0  0.0  0.0  0.0 
40.5209 21.9256 18.5953 92.0607 29.7049 40.5209 8957.52 31.124 0.0  0.0  0.0  0.0  0.0  0.0  0.0  0.0  0.0  0.0  0.0  0.0 
31.0156 16.6236 14.392 64.9401 20.8851 31.0156 4558.95 21.438 0.0  0.0  0.0  0.0  0.0  0.0  0.0  0.0  0.0  0.0  0.0  0.0 
7.5645 3.8875 3.677 31.2484 31.1281 7.5645 3199.26 7.386 0.0  0.0  0.0  0.0  0.0  0.0  0.0  0.0  0.0  0.0  0.0  0.0 
39.7856 21.4226 18.363 88.0792 29.7579 39.7856 13331 34.001 0.0  0.0  0.0  0.0  0.0  0.0  0.0  0.0  0.0  0.0  0.0  0.0 
41.7017 22.5312 19.1705 94.6508 31.4796 41.7017 12609.3 34.718 0.0  0.0  0.0  0.0  0.0  0.0  0.0  0.0  0.0  0.0  0.0  0.0 
33.6117 18.0703 15.5414 71.3586 23.2489 33.6117 6644.61 25.066 0.0  0.0  0.0  0.0  0.0  0.0  0.0  0.0  0.0  0.0  0.0  0.0 
31.0716 16.71 14.3616 64.8901 20.7229 31.0716 9253.01 25.726 0.0  0.0  0.0  0.0  0.0  0.0  0.0  0.0  0.0  0.0  0.0  0.0 
22.3838 13.4222 8.9616 53.2626 14.2661 22.3838 11920.2 21.358 0.0  0.0  0.0  0.0  0.0  0.0  0.0  0.0  0.0  0.0  0.0  0.0 
37.0809 20.1726 16.9083 82.2808 25.4956 37.0809 6811.81 27.14 0.0  0.0  0.0  0.0  0.0  0.0  0.0  0.0  0.0  0.0  0.0  0.0 
28.3715 15.5922 12.7793 60.4129 19.0205 28.3715 5289.7 20.837 0.0  0.0  0.0  0.0  0.0  0.0  0.0  0.0  0.0  0.0  0.0  0.0 
30.8576 16.7183 14.1393 64.8405 19.9147 30.8576 13448.1 28.158 0.0  0.0  0.0  0.0  0.0  0.0  0.0  0.0  0.0  0.0  0.0  0.0 
8.1811 4.4064 3.7747 32.7475 10.8036 8.1811 1838.9 41.302 0.0  0.0  0.0  0.0  0.0  0.0  0.0  0.0  0.0  0.0  0.0  0.0 
29.4187 15.8742 13.5445 61.795 19.7896 29.4187 3320.78 19.013 0.0  0.0  0.0  0.0  0.0  0.0  0.0  0.0  0.0  0.0  0.0  0.0 
32.4382 21.62 10.8182 33.7528 22.4678 32.4382 6746.37 1278.6 0.0  0.0  0.0  0.0  0.0  0.0  0.0  0.0  0.0  0.0  0.0  0.0 
23.714 18.7244 4.9896 40.1882 21.285 23.714 1393.68 483.14 0.0  0.0  0.0  0.0  0.0  0.0  0.0  0.0  0.0  0.0  0.0  0.0 
34.0539 18.4903 15.5636 73.4513 22.7326 34.0539 6160.84 24.817 0.0  0.0  0.0  0.0  0.0  0.0  0.0  0.0  0.0  0.0  0.0  0.0 
27.7141 15.3967 12.3174 59.4369 18.518 27.7141 10693.4 24.527 0.0  0.0  0.0  0.0  0.0  0.0  0.0  0.0  0.0  0.0  0.0  0.0 
37.6737 20.6844 16.9893 84.9379 25.3319 37.6737 7204.08 27.849 0.0  0.0  0.0  0.0  0.0  0.0  0.0  0.0  0.0  0.0  0.0  0.0 
31.6468 17.0021 14.6447 66.3411 21.3847 31.6468 6783.92 24.088 0.0  0.0  0.0  0.0  0.0  0.0  0.0  0.0  0.0  0.0  0.0  0.0 
46.3216 25.5859 20.7357 116.007 33.708 46.3216 13268.7 38.014 0.0  0.0  0.0  0.0  0.0  0.0  0.0  0.0  0.0  0.0  0.0  0.0 
12.2856 8.9032 3.3824 22.7349 22.0572 12.2856 3167.91 424.08 0.0  0.0  0.0  0.0  0.0  0.0  0.0  0.0  0.0  0.0  0.0  0.0 
32.7992 17.7563 15.0429 69.7904 21.7391 32.7992 6817.2 24.765 0.0  0.0  0.0  0.0  0.0  0.0  0.0  0.0  0.0  0.0  0.0  0.0 
47.9641 25.9793 21.9848 120.01 37.8023 47.9641 13283.7 39.071 0.0  0.0  0.0  0.0  0.0  0.0  0.0  0.0  0.0  0.0  0.0  0.0 
33.4113 18.0801 15.3312 72.2105 22.2609 33.4113 3902.79 21.782 0.0  0.0  0.0  0.0  0.0  0.0  0.0  0.0  0.0  0.0  0.0  0.0 
35.0469 19.1138 15.9331 77.0385 23.3025 35.0469 5198.98 24.276 0.0  0.0  0.0  0.0  0.0  0.0  0.0  0.0  0.0  0.0  0.0  0.0 
19.1155 13.4946 5.6209 27.2647 25.9993 19.1155 2424.55 396.93 0.0  0.0  0.0  0.0  0.0  0.0  0.0  0.0  0.0  0.0  0.0  0.0 
25.1749 14.3474 10.8275 55.2868 17.2682 25.1749 3683.47 17.328 0.0  0.0  0.0  0.0  0.0  0.0  0.0  0.0  0.0  0.0  0.0  0.0 
26.4564 14.8269 11.6295 57.5823 17.9558 26.4564 3139.98 17.339 0.0  0.0  0.0  0.0  0.0  0.0  0.0  0.0  0.0  0.0  0.0  0.0 
41.5122 22.5902 18.922 96.6077 29.9802 41.5122 7958.29 30.738 0.0  0.0  0.0  0.0  0.0  0.0  0.0  0.0  0.0  0.0  0.0  0.0 
32.966 17.6378 15.3282 70.1277 22.672 32.966 3770.48 21.388 0.0  0.0  0.0  0.0  0.0  0.0  0.0  0.0  0.0  0.0  0.0  0.0 
37.8868 20.5765 17.3103 84.6183 26.512 37.8868 7240.88 28.019 0.0  0.0  0.0  0.0  0.0  0.0  0.0  0.0  0.0  0.0  0.0  0.0 
31.4794 16.9131 14.5663 65.9889 21.2051 31.4794 6246.41 23.49 0.0  0.0  0.0  0.0  0.0  0.0  0.0  0.0  0.0  0.0  0.0  0.0 
35.7302 19.2672 16.463 76.575 25.3899 35.7302 13449.5 31.436 0.0  0.0  0.0  0.0  0.0  0.0  0.0  0.0  0.0  0.0  0.0  0.0 
34.8138 18.6576 16.1562 74.646 24.5495 34.8138 5420.69 24.432 0.0  0.0  0.0  0.0  0.0  0.0  0.0  0.0  0.0  0.0  0.0  0.0 
31.6491 16.9266 14.7225 66.9552 21.3754 31.6491 3126.98 19.791 0.0  0.0  0.0  0.0  0.0  0.0  0.0  0.0  0.0  0.0  0.0  0.0 
31.9525 17.1999 14.7526 67.1471 21.5371 31.9525 8499.98 25.704 0.0  0.0  0.0  0.0  0.0  0.0  0.0  0.0  0.0  0.0  0.0  0.0 
42.3193 22.9417 19.3776 100.614 30.8273 42.3193 6097.26 29.134 0.0  0.0  0.0  0.0  0.0  0.0  0.0  0.0  0.0  0.0  0.0  0.0 
30.6303 16.4 14.2303 63.7741 20.5659 30.6303 5660.89 22.444 0.0  0.0  0.0  0.0  0.0  0.0  0.0  0.0  0.0  0.0  0.0  0.0 
34.1 18.3512 15.7488 72.4846 23.7047 34.1 8408.98 26.914 0.0  0.0  0.0  0.0  0.0  0.0  0.0  0.0  0.0  0.0  0.0  0.0 
11.2797 6.4463 4.8334 34.8596 33.8466 11.2797 759.985 198.71 0.0  0.0  0.0  0.0  0.0  0.0  0.0  0.0  0.0  0.0  0.0  0.0 
45.8525 34.7585 11.094 80.3814 23.8725 45.8525 1027.16 10477 0.0  0.0  0.0  0.0  0.0  0.0  0.0  0.0  0.0  0.0  0.0  0.0 
32.4962 17.5577 14.9385 68.6145 21.7642 32.4962 10826.3 27.693 0.0  0.0  0.0  0.0  0.0  0.0  0.0  0.0  0.0  0.0  0.0  0.0 
36.5861 19.5796 17.0065 82.3125 25.5561 36.5861 2274.97 20.375 0.0  0.0  0.0  0.0  0.0  0.0  0.0  0.0  0.0  0.0  0.0  0.0 
25.7149 14.5186 11.1963 56.1981 17.5963 25.7149 3293.37 17.188 0.0  0.0  0.0  0.0  0.0  0.0  0.0  0.0  0.0  0.0  0.0  0.0 
38.7008 20.8722 17.8286 89.5877 27.1966 38.7008 2936.02 22.646 0.0  0.0  0.0  0.0  0.0  0.0  0.0  0.0  0.0  0.0  0.0  0.0 
41.1725 22.4261 18.7464 93.9722 29.9476 41.1725 12743.7 34.467 0.0  0.0  0.0  0.0  0.0  0.0  0.0  0.0  0.0  0.0  0.0  0.0 
6.822 3.3124 3.5096 28.1544 12.8408 6.822 2374.12 7.4697 0.0  0.0  0.0  0.0  0.0  0.0  0.0  0.0  0.0  0.0  0.0  0.0 
50.5446 27.298 23.2466 139.445 39.6323 50.5446 9075.11 36.862 0.0  0.0  0.0  0.0  0.0  0.0  0.0  0.0  0.0  0.0  0.0  0.0 
39.1584 21.0201 18.1383 86.1943 29.2609 39.1584 11047.7 32.023 0.0  0.0  0.0  0.0  0.0  0.0  0.0  0.0  0.0  0.0  0.0  0.0 
31.5369 16.9301 14.6068 30.4371 26.7943 31.5369 9.3066 7545.2 0.0  0.0  0.0  0.0  0.0  0.0  0.0  0.0  0.0  0.0  0.0  0.0 
48.3937 26.2365 22.1572 129.978 36.5858 48.3937 6106.16 32.228 0.0  0.0  0.0  0.0  0.0  0.0  0.0  0.0  0.0  0.0  0.0  0.0 
32.3686 17.398 14.9706 68.5317 21.9795 32.3686 4827.46 22.457 0.0  0.0  0.0  0.0  0.0  0.0  0.0  0.0  0.0  0.0  0.0  0.0 
35.7835 19.4004 16.3831 78.3224 24.4411 35.7835 5966.13 25.547 0.0  0.0  0.0  0.0  0.0  0.0  0.0  0.0  0.0  0.0  0.0  0.0 
37.0172 20.0246 16.9926 81.2732 26.1507 37.0172 7930.33 28.19 0.0  0.0  0.0  0.0  0.0  0.0  0.0  0.0  0.0  0.0  0.0  0.0 
39.7563 21.95 17.8063 90.7502 26.9904 39.7563 13151 33.821 0.0  0.0  0.0  0.0  0.0  0.0  0.0  0.0  0.0  0.0  0.0  0.0 
35.6093 19.1784 16.4309 76.218 25.3578 35.6093 11987.6 30.448 0.0  0.0  0.0  0.0  0.0  0.0  0.0  0.0  0.0  0.0  0.0  0.0 
33.7917 18.3209 15.4708 72.1425 22.6602 33.7917 9256.33 27.39 0.0  0.0  0.0  0.0  0.0  0.0  0.0  0.0  0.0  0.0  0.0  0.0 
36.8667 20.0194 16.8473 82.02 25.2906 36.8667 5325.89 25.376 0.0  0.0  0.0  0.0  0.0  0.0  0.0  0.0  0.0  0.0  0.0  0.0 
6.9765 3.7736 3.2029 30.4189 10.3887 6.9765 11037.9 10.052 0.0  0.0  0.0  0.0  0.0  0.0  0.0  0.0  0.0  0.0  0.0  0.0 
41.2429 22.3659 18.877 98.6214 29.28 41.2429 3745.97 25.244 0.0  0.0  0.0  0.0  0.0  0.0  0.0  0.0  0.0  0.0  0.0  0.0 
22.0567 13.2626 8.7941 52.9535 14.1226 22.0567 13365.8 21.808 0.0  0.0  0.0  0.0  0.0  0.0  0.0  0.0  0.0  0.0  0.0  0.0 
38.5835 20.9536 17.6299 85.8264 27.4062 38.5835 10285.9 31.08 0.0  0.0  0.0  0.0  0.0  0.0  0.0  0.0  0.0  0.0  0.0  0.0 
43.5323 23.6711 19.8612 103.683 32.2588 43.5323 8955.37 32.833 0.0  0.0  0.0  0.0  0.0  0.0  0.0  0.0  0.0  0.0  0.0  0.0 
27.9249 15.532 12.3929 60.0071 18.4307 27.9249 8051.58 22.91 0.0  0.0  0.0  0.0  0.0  0.0  0.0  0.0  0.0  0.0  0.0  0.0 
27.7248 15.3902 12.3346 59.4051 18.5384 27.7248 12518.4 25.551 0.0  0.0  0.0  0.0  0.0  0.0  0.0  0.0  0.0  0.0  0.0  0.0 
30.9434 16.7514 14.192 65.018 20.0728 30.9434 9376.23 25.726 0.0  0.0  0.0  0.0  0.0  0.0  0.0  0.0  0.0  0.0  0.0  0.0 
35.4795 19.3437 16.1358 77.5858 23.7168 35.4795 7558.34 26.963 0.0  0.0  0.0  0.0  0.0  0.0  0.0  0.0  0.0  0.0  0.0  0.0 
30.3175 16.3916 13.9259 63.5804 19.8783 30.3175 6838.96 23.375 0.0  0.0  0.0  0.0  0.0  0.0  0.0  0.0  0.0  0.0  0.0  0.0 
37.2683 20.0397 17.2286 83.0724 26.3273 37.2683 4258.39 24.177 0.0  0.0  0.0  0.0  0.0  0.0  0.0  0.0  0.0  0.0  0.0  0.0 
30.6478 16.5198 14.128 64.0199 20.1092 30.6478 10325.5 26.186 0.0  0.0  0.0  0.0  0.0  0.0  0.0  0.0  0.0  0.0  0.0  0.0 
30.5903 16.4817 14.1086 63.8735 20.0893 30.5903 8634.36 24.978 0.0  0.0  0.0  0.0  0.0  0.0  0.0  0.0  0.0  0.0  0.0  0.0 
31.9825 17.3772 14.6053 67.7591 20.6588 31.9825 10922.9 27.419 0.0  0.0  0.0  0.0  0.0  0.0  0.0  0.0  0.0  0.0  0.0  0.0 
31.2177 16.7637 14.454 65.0865 21.0164 31.2177 9422.78 25.939 0.0  0.0  0.0  0.0  0.0  0.0  0.0  0.0  0.0  0.0  0.0  0.0 
31.0461 27.1397 3.9064 118.897 27.0321 31.0461 141.27 1045.3 0.0  0.0  0.0  0.0  0.0  0.0  0.0  0.0  0.0  0.0  0.0  0.0 
35.6681 19.2937 16.3744 76.8518 24.9249 35.6681 10486.7 29.452 0.0  0.0  0.0  0.0  0.0  0.0  0.0  0.0  0.0  0.0  0.0  0.0 
33.3004 18.0447 15.2557 71.3376 22.1748 33.3004 5970.77 24.211 0.0  0.0  0.0  0.0  0.0  0.0  0.0  0.0  0.0  0.0  0.0  0.0 
39.9908 21.9028 18.088 92.0688 27.7882 39.9908 7761.75 29.689 0.0  0.0  0.0  0.0  0.0  0.0  0.0  0.0  0.0  0.0  0.0  0.0 
34.5561 18.6713 15.8848 74.9835 23.4487 34.5561 4472.11 23.126 0.0  0.0  0.0  0.0  0.0  0.0  0.0  0.0  0.0  0.0  0.0  0.0 
32.9575 17.8401 15.1174 70.3199 21.8912 32.9575 5767.18 23.813 0.0  0.0  0.0  0.0  0.0  0.0  0.0  0.0  0.0  0.0  0.0  0.0 
37.011 19.8845 17.1265 81.8192 26.4315 37.011 4782.9 24.774 0.0  0.0  0.0  0.0  0.0  0.0  0.0  0.0  0.0  0.0  0.0  0.0 
44.2713 23.9875 20.2838 105.313 33.5687 44.2713 9909.19 34.131 0.0  0.0  0.0  0.0  0.0  0.0  0.0  0.0  0.0  0.0  0.0  0.0 
26.0348 18.4208 7.614 48.3024 17.789 26.0348 711.288 2056.3 0.0  0.0  0.0  0.0  0.0  0.0  0.0  0.0  0.0  0.0  0.0  0.0 
32.6579 17.638 15.0199 70.7285 21.6154 32.6579 2673.02 19.475 0.0  0.0  0.0  0.0  0.0  0.0  0.0  0.0  0.0  0.0  0.0  0.0 
28.9965 15.96 13.0365 61.7462 18.9075 28.9965 8811.87 24.125 0.0  0.0  0.0  0.0  0.0  0.0  0.0  0.0  0.0  0.0  0.0  0.0 
46.8717 25.7486 21.1231 117.864 34.8553 46.8717 12570.3 37.836 0.0  0.0  0.0  0.0  0.0  0.0  0.0  0.0  0.0  0.0  0.0  0.0 
31.622 17.1447 14.4773 66.7287 20.6325 31.622 11139.9 27.328 0.0  0.0  0.0  0.0  0.0  0.0  0.0  0.0  0.0  0.0  0.0  0.0 
42.6409 23.0409 19.6 97.4955 32.5402 42.6409 13776.7 36.112 0.0  0.0  0.0  0.0  0.0  0.0  0.0  0.0  0.0  0.0  0.0  0.0 
9.9357 6.6245 3.3112 30.0203 14.8631 9.9357 6578.09 52.71 0.0  0.0  0.0  0.0  0.0  0.0  0.0  0.0  0.0  0.0  0.0  0.0 
45.483 24.6589 20.8241 111.424 34.4217 45.483 8687.18 33.672 0.0  0.0  0.0  0.0  0.0  0.0  0.0  0.0  0.0  0.0  0.0  0.0 
28.5856 17.5731 11.0125 31.3289 24.7042 28.5856 1608.02 1583.4 0.0  0.0  0.0  0.0  0.0  0.0  0.0  0.0  0.0  0.0  0.0  0.0 
33.1708 17.9007 15.2701 72.0315 22.0729 33.1708 2777.69 19.895 0.0  0.0  0.0  0.0  0.0  0.0  0.0  0.0  0.0  0.0  0.0  0.0 
39.0623 21.1544 17.9079 86.7772 28.2845 39.0623 11467.4 32.259 0.0  0.0  0.0  0.0  0.0  0.0  0.0  0.0  0.0  0.0  0.0  0.0 
35.885 19.5234 16.3616 79.1455 24.272 35.885 5571.69 25.153 0.0  0.0  0.0  0.0  0.0  0.0  0.0  0.0  0.0  0.0  0.0  0.0 
37.4508 20.3969 17.0539 84.0735 25.7133 37.4508 5511.03 25.898 0.0  0.0  0.0  0.0  0.0  0.0  0.0  0.0  0.0  0.0  0.0  0.0 
33.1917 17.9384 15.2533 70.9601 22.2521 33.1917 5504.61 23.658 0.0  0.0  0.0  0.0  0.0  0.0  0.0  0.0  0.0  0.0  0.0  0.0 
36.1132 19.5526 16.5606 81.0083 24.5483 36.1132 3184.83 21.939 0.0  0.0  0.0  0.0  0.0  0.0  0.0  0.0  0.0  0.0  0.0  0.0 
29.3283 15.8404 13.4879 61.6493 19.7387 29.3283 3619.84 19.413 0.0  0.0  0.0  0.0  0.0  0.0  0.0  0.0  0.0  0.0  0.0  0.0 
28.4358 15.66 12.7758 60.5781 18.9154 28.4358 6378.75 21.872 0.0  0.0  0.0  0.0  0.0  0.0  0.0  0.0  0.0  0.0  0.0  0.0 
28.0916 15.5611 12.5305 60.1826 18.6459 28.0916 8972.23 23.751 0.0  0.0  0.0  0.0  0.0  0.0  0.0  0.0  0.0  0.0  0.0  0.0 
31.2591 16.7883 14.4708 65.494 21.0088 31.2591 5541.63 22.662 0.0  0.0  0.0  0.0  0.0  0.0  0.0  0.0  0.0  0.0  0.0  0.0 
30.9751 16.5598 14.4153 66.4112 20.5201 30.9751 1565.11 16.374 0.0  0.0  0.0  0.0  0.0  0.0  0.0  0.0  0.0  0.0  0.0  0.0 
45.6455 24.8287 20.8168 110.523 34.697 45.6455 12246.5 36.863 0.0  0.0  0.0  0.0  0.0  0.0  0.0  0.0  0.0  0.0  0.0  0.0 
34.0322 18.4118 15.6204 72.7154 23.2018 34.0322 8907.26 27.268 0.0  0.0  0.0  0.0  0.0  0.0  0.0  0.0  0.0  0.0  0.0  0.0 
34.0745 18.305 15.7695 72.7464 23.6997 34.0745 5769.29 24.426 0.0  0.0  0.0  0.0  0.0  0.0  0.0  0.0  0.0  0.0  0.0  0.0 
31.1927 16.687 14.5057 66.318 20.8761 31.1927 2333.85 18.194 0.0  0.0  0.0  0.0  0.0  0.0  0.0  0.0  0.0  0.0  0.0  0.0 
25.3434 14.3885 10.9549 55.5697 17.4161 25.3434 4251.35 18.318 0.0  0.0  0.0  0.0  0.0  0.0  0.0  0.0  0.0  0.0  0.0  0.0 
33.5518 18.2634 15.2884 72.5903 21.985 33.5518 5062.77 23.338 0.0  0.0  0.0  0.0  0.0  0.0  0.0  0.0  0.0  0.0  0.0  0.0 
31.3416 16.9703 14.3713 66.0263 20.3861 31.3416 9928.27 26.358 0.0  0.0  0.0  0.0  0.0  0.0  0.0  0.0  0.0  0.0  0.0  0.0 
26.6281 14.9868 11.6413 57.7788 17.8412 26.6281 7906.18 22.037 0.0  0.0  0.0  0.0  0.0  0.0  0.0  0.0  0.0  0.0  0.0  0.0 
31.211 16.8154 14.3956 65.7357 20.5952 31.211 4827.8 21.851 0.0  0.0  0.0  0.0  0.0  0.0  0.0  0.0  0.0  0.0  0.0  0.0 
7.1108 3.5831 3.5277 29.552 29.4992 7.1108 670.407 225.73 0.0  0.0  0.0  0.0  0.0  0.0  0.0  0.0  0.0  0.0  0.0  0.0 
38.1348 20.7325 17.4023 84.1442 26.9847 38.1348 13393 32.962 0.0  0.0  0.0  0.0  0.0  0.0  0.0  0.0  0.0  0.0  0.0  0.0 
36.4733 19.8339 16.6394 81.3432 24.8012 36.4733 4794.75 24.506 0.0  0.0  0.0  0.0  0.0  0.0  0.0  0.0  0.0  0.0  0.0  0.0 
10.5597 7.5118 3.0479 29.4101 26.8102 10.5597 1493.42 143.99 0.0  0.0  0.0  0.0  0.0  0.0  0.0  0.0  0.0  0.0  0.0  0.0 
38.6247 21.2155 17.4092 87.6209 26.2634 38.6247 8439.06 29.548 0.0  0.0  0.0  0.0  0.0  0.0  0.0  0.0  0.0  0.0  0.0  0.0 
32.6805 21.5018 11.1787 33.9033 22.1856 32.6805 10526.5 982.64 0.0  0.0  0.0  0.0  0.0  0.0  0.0  0.0  0.0  0.0  0.0  0.0 
35.4141 19.2041 16.21 76.6901 24.3331 35.4141 8366.97 27.644 0.0  0.0  0.0  0.0  0.0  0.0  0.0  0.0  0.0  0.0  0.0  0.0 
41.2605 22.6544 18.6061 96.288 28.8277 41.2605 8903.78 31.478 0.0  0.0  0.0  0.0  0.0  0.0  0.0  0.0  0.0  0.0  0.0  0.0 
43.6454 23.7088 19.9366 105.266 32.0433 43.6454 7061.45 30.955 0.0  0.0  0.0  0.0  0.0  0.0  0.0  0.0  0.0  0.0  0.0  0.0 
43.5387 23.957 19.5817 106.034 30.7889 43.5387 7645.06 31.513 0.0  0.0  0.0  0.0  0.0  0.0  0.0  0.0  0.0  0.0  0.0  0.0 
42.7564 23.2102 19.5462 98.7479 32.0331 42.7564 13606.9 36.063 0.0  0.0  0.0  0.0  0.0  0.0  0.0  0.0  0.0  0.0  0.0  0.0 
30.1151 16.3443 13.7708 63.2783 19.6996 30.1151 11611.7 26.642 0.0  0.0  0.0  0.0  0.0  0.0  0.0  0.0  0.0  0.0  0.0  0.0 
47.452 25.5461 21.9059 116.873 37.8406 47.452 12019.1 37.787 0.0  0.0  0.0  0.0  0.0  0.0  0.0  0.0  0.0  0.0  0.0  0.0 
31.0585 16.79 14.2685 65.3532 20.2862 31.0585 7506.19 24.369 0.0  0.0  0.0  0.0  0.0  0.0  0.0  0.0  0.0  0.0  0.0  0.0 
34.865 18.8909 15.9741 76.1532 23.5767 34.865 4499.18 23.314 0.0  0.0  0.0  0.0  0.0  0.0  0.0  0.0  0.0  0.0  0.0  0.0 
33.7036 18.2565 15.4471 71.8618 22.7886 33.7036 9097.46 27.216 0.0  0.0  0.0  0.0  0.0  0.0  0.0  0.0  0.0  0.0  0.0  0.0 
35.9932 19.4242 16.569 79.0152 24.9793 35.9932 5105.08 24.663 0.0  0.0  0.0  0.0  0.0  0.0  0.0  0.0  0.0  0.0  0.0  0.0 
30.6081 16.5106 14.0975 64.0472 20.0427 30.6081 7973.58 24.482 0.0  0.0  0.0  0.0  0.0  0.0  0.0  0.0  0.0  0.0  0.0  0.0 
44.3011 24.2295 20.0716 110.173 31.8951 44.3011 5611.98 29.505 0.0  0.0  0.0  0.0  0.0  0.0  0.0  0.0  0.0  0.0  0.0  0.0 
34.9391 19.0827 15.8564 76.0935 23.1521 34.9391 7921.59 26.974 0.0  0.0  0.0  0.0  0.0  0.0  0.0  0.0  0.0  0.0  0.0  0.0 
37.5224 20.4503 17.0721 84.1297 25.7308 37.5224 6276.17 26.811 0.0  0.0  0.0  0.0  0.0  0.0  0.0  0.0  0.0  0.0  0.0  0.0 
21.2531 11.2225 10.0306 47.8795 47.0381 21.2531 6448.93 17.951 0.0  0.0  0.0  0.0  0.0  0.0  0.0  0.0  0.0  0.0  0.0  0.0 
38.7508 21.3024 17.4484 87.422 26.3775 38.7508 11067.7 31.752 0.0  0.0  0.0  0.0  0.0  0.0  0.0  0.0  0.0  0.0  0.0  0.0 
30.626 16.4322 14.1938 65.0507 20.146 30.626 2227.3 17.735 0.0  0.0  0.0  0.0  0.0  0.0  0.0  0.0  0.0  0.0  0.0  0.0 
37.6213 20.2249 17.3964 85.265 26.3647 37.6213 3071.54 22.426 0.0  0.0  0.0  0.0  0.0  0.0  0.0  0.0  0.0  0.0  0.0  0.0 
36.7478 20.0523 16.6955 80.7559 25.0335 36.7478 10915.7 30.417 0.0  0.0  0.0  0.0  0.0  0.0  0.0  0.0  0.0  0.0  0.0  0.0 
31.9812 17.0919 14.8893 68.251 21.6695 31.9812 2506.58 18.873 0.0  0.0  0.0  0.0  0.0  0.0  0.0  0.0  0.0  0.0  0.0  0.0 
38.8774 20.8877 17.9897 85.314 28.918 38.8774 11237.4 31.989 0.0  0.0  0.0  0.0  0.0  0.0  0.0  0.0  0.0  0.0  0.0  0.0 
43.5249 23.6857 19.8392 105.267 31.7457 43.5249 6784.67 30.573 0.0  0.0  0.0  0.0  0.0  0.0  0.0  0.0  0.0  0.0  0.0  0.0 
38.1924 20.6288 17.5636 88.4807 26.4595 38.1924 2533.65 21.61 0.0  0.0  0.0  0.0  0.0  0.0  0.0  0.0  0.0  0.0  0.0  0.0 
30.3003 16.2587 14.0416 63.01 20.2133 30.3003 7895.68 24.239 0.0  0.0  0.0  0.0  0.0  0.0  0.0  0.0  0.0  0.0  0.0  0.0 
30.3901 21.5677 8.8224 34.377 21.0873 30.3901 12.4098 1110.5 0.0  0.0  0.0  0.0  0.0  0.0  0.0  0.0  0.0  0.0  0.0  0.0 
30.0034 20.566 9.4374 39.4103 22.6658 30.0034 133.926 7309 0.0  0.0  0.0  0.0  0.0  0.0  0.0  0.0  0.0  0.0  0.0  0.0 
34.2402 18.4525 15.7877 73.5247 23.5089 34.2402 5545.28 24.265 0.0  0.0  0.0  0.0  0.0  0.0  0.0  0.0  0.0  0.0  0.0  0.0 
45.2054 25.1183 20.0871 111.707 32.0311 45.2054 13711.7 37.627 0.0  0.0  0.0  0.0  0.0  0.0  0.0  0.0  0.0  0.0  0.0  0.0 
10.5002 7.4932 3.007 31.1437 28.2237 10.5002 4292.71 9.6761 0.0  0.0  0.0  0.0  0.0  0.0  0.0  0.0  0.0  0.0  0.0  0.0 
36.2155 19.4802 16.7353 78.9229 25.6008 36.2155 6138.68 25.976 0.0  0.0  0.0  0.0  0.0  0.0  0.0  0.0  0.0  0.0  0.0  0.0 
35.71 19.3092 16.4008 78.7169 24.432 35.71 4174.56 23.292 0.0  0.0  0.0  0.0  0.0  0.0  0.0  0.0  0.0  0.0  0.0  0.0 
37.7411 20.5402 17.2009 83.5047 26.3738 37.7411 10053.2 30.387 0.0  0.0  0.0  0.0  0.0  0.0  0.0  0.0  0.0  0.0  0.0  0.0 
32.6866 17.7521 14.9345 69.776 21.3558 32.6866 6684.56 24.574 0.0  0.0  0.0  0.0  0.0  0.0  0.0  0.0  0.0  0.0  0.0  0.0 
34.3421 18.4988 15.8433 73.2034 23.9137 34.3421 7989.1 26.703 0.0  0.0  0.0  0.0  0.0  0.0  0.0  0.0  0.0  0.0  0.0  0.0 
29.7674 16.0551 13.7123 62.1509 19.9404 29.7674 6288.26 22.558 0.0  0.0  0.0  0.0  0.0  0.0  0.0  0.0  0.0  0.0  0.0  0.0 
38.307 20.6432 17.6638 85.6358 27.4542 38.307 5783.01 26.68 0.0  0.0  0.0  0.0  0.0  0.0  0.0  0.0  0.0  0.0  0.0  0.0 
37.9591 20.7489 17.2102 85.8284 25.8591 37.9591 6075.11 26.817 0.0  0.0  0.0  0.0  0.0  0.0  0.0  0.0  0.0  0.0  0.0  0.0 
33.6912 18.3808 15.3104 72.6751 22.0654 33.6912 7265.91 25.676 0.0  0.0  0.0  0.0  0.0  0.0  0.0  0.0  0.0  0.0  0.0  0.0 
10.665 6.9674 3.6976 23.5495 18.4051 10.665 7207.71 249.42 0.0  0.0  0.0  0.0  0.0  0.0  0.0  0.0  0.0  0.0  0.0  0.0 
33.0947 17.897 15.1977 71.0813 22.0085 33.0947 4244.76 22.094 0.0  0.0  0.0  0.0  0.0  0.0  0.0  0.0  0.0  0.0  0.0  0.0 
33.6083 18.2041 15.4042 71.7193 22.5329 33.6083 8030.18 26.303 0.0  0.0  0.0  0.0  0.0  0.0  0.0  0.0  0.0  0.0  0.0  0.0 
11.2767 7.5792 3.6975 28.1079 15.6176 11.2767 402.308 226.24 0.0  0.0  0.0  0.0  0.0  0.0  0.0  0.0  0.0  0.0  0.0  0.0 
43.7227 24.0251 19.6976 106.008 31.348 43.7227 8798 32.774 0.0  0.0  0.0  0.0  0.0  0.0  0.0  0.0  0.0  0.0  0.0  0.0 
34.9176 18.7841 16.1335 74.717 24.5673 34.9176 7584.38 26.682 0.0  0.0  0.0  0.0  0.0  0.0  0.0  0.0  0.0  0.0  0.0  0.0 
31.2105 16.7206 14.4899 65.0109 21.1863 31.2105 6961.01 23.999 0.0  0.0  0.0  0.0  0.0  0.0  0.0  0.0  0.0  0.0  0.0  0.0 
48.1572 26.3551 21.8021 123.358 36.5986 48.1572 13562.6 39.378 0.0  0.0  0.0  0.0  0.0  0.0  0.0  0.0  0.0  0.0  0.0  0.0 
41.7688 22.8501 18.9187 99.4218 29.4567 41.7688 5996.04 28.712 0.0  0.0  0.0  0.0  0.0  0.0  0.0  0.0  0.0  0.0  0.0  0.0 
21.9976 16.2061 5.7915 46.8834 17.0281 21.9976 7622.47 372.68 0.0  0.0  0.0  0.0  0.0  0.0  0.0  0.0  0.0  0.0  0.0  0.0 
36.2088 19.7521 16.4567 79.2375 24.5566 36.2088 10667.4 29.906 0.0  0.0  0.0  0.0  0.0  0.0  0.0  0.0  0.0  0.0  0.0  0.0 
46.0095 24.928 21.0815 110.795 35.8539 46.0095 13434.5 37.98 0.0  0.0  0.0  0.0  0.0  0.0  0.0  0.0  0.0  0.0  0.0  0.0 
34.862 18.872 15.99 77.5644 23.433 34.862 2689.84 20.483 0.0  0.0  0.0  0.0  0.0  0.0  0.0  0.0  0.0  0.0  0.0  0.0 
39.0974 21.1331 17.9643 86.5459 28.5426 39.0974 12252.1 32.836 0.0  0.0  0.0  0.0  0.0  0.0  0.0  0.0  0.0  0.0  0.0  0.0 
38.2715 20.8948 17.3767 86.338 26.2654 38.2715 7311.17 28.295 0.0  0.0  0.0  0.0  0.0  0.0  0.0  0.0  0.0  0.0  0.0  0.0 
43.4371 23.4864 19.9507 100.755 33.1892 43.4371 13114.4 36.156 0.0  0.0  0.0  0.0  0.0  0.0  0.0  0.0  0.0  0.0  0.0  0.0 
32.9598 17.8007 15.1591 69.6123 22.3963 32.9598 12367 28.96 0.0  0.0  0.0  0.0  0.0  0.0  0.0  0.0  0.0  0.0  0.0  0.0 
37.2 20.1613 17.0387 82.2668 26.0145 37.2 6991.57 27.392 0.0  0.0  0.0  0.0  0.0  0.0  0.0  0.0  0.0  0.0  0.0  0.0 
6.9625 3.1883 3.7742 28.8509 12.819 6.9625 10658.8 9.0589 0.0  0.0  0.0  0.0  0.0  0.0  0.0  0.0  0.0  0.0  0.0  0.0 
16.9751 12.5415 4.4336 36.2658 32.1347 16.9751 12329 17.23 0.0  0.0  0.0  0.0  0.0  0.0  0.0  0.0  0.0  0.0  0.0  0.0 
31.0516 17.066 13.9856 58.1884 53.9547 31.0516 1748.24 16.868 0.0  0.0  0.0  0.0  0.0  0.0  0.0  0.0  0.0  0.0  0.0  0.0 
39.2311 21.2456 17.9855 90.8654 27.4804 39.2311 3745.64 24.316 0.0  0.0  0.0  0.0  0.0  0.0  0.0  0.0  0.0  0.0  0.0  0.0 
34.5741 18.6392 15.9349 73.6294 24.1148 34.5741 10220.8 28.588 0.0  0.0  0.0  0.0  0.0  0.0  0.0  0.0  0.0  0.0  0.0  0.0 
28.2281 24.6559 3.5722 105.444 27.8652 28.2281 12143.3 2825.5 0.0  0.0  0.0  0.0  0.0  0.0  0.0  0.0  0.0  0.0  0.0  0.0 
25.8192 16.165 9.6542 43.9768 19.6381 25.8192 1690.58 1601.2 0.0  0.0  0.0  0.0  0.0  0.0  0.0  0.0  0.0  0.0  0.0  0.0 
39.1648 21.4663 17.6985 88.5424 27.0607 39.1648 10746.3 31.77 0.0  0.0  0.0  0.0  0.0  0.0  0.0  0.0  0.0  0.0  0.0  0.0 
29.0032 15.7948 13.2084 61.1211 19.487 29.0032 7023.89 22.765 0.0  0.0  0.0  0.0  0.0  0.0  0.0  0.0  0.0  0.0  0.0  0.0 
26.4703 14.8553 11.615 57.6387 17.9225 26.4703 3376.11 17.67 0.0  0.0  0.0  0.0  0.0  0.0  0.0  0.0  0.0  0.0  0.0  0.0 
31.1828 16.8798 14.303 65.5592 20.3359 31.1828 11993.4 27.561 0.0  0.0  0.0  0.0  0.0  0.0  0.0  0.0  0.0  0.0  0.0  0.0 
45.0179 24.3915 20.6264 108.629 34.2669 45.0179 9523.82 34.212 0.0  0.0  0.0  0.0  0.0  0.0  0.0  0.0  0.0  0.0  0.0  0.0 
28.9663 15.7809 13.1854 61.8741 19.2357 28.9663 2734.84 17.939 0.0  0.0  0.0  0.0  0.0  0.0  0.0  0.0  0.0  0.0  0.0  0.0 
29.1171 15.9443 13.1728 61.6342 19.1967 29.1171 13374.2 26.965 0.0  0.0  0.0  0.0  0.0  0.0  0.0  0.0  0.0  0.0  0.0  0.0 
29.3351 16.0305 13.3046 61.9875 19.3157 29.3351 9468.3 24.765 0.0  0.0  0.0  0.0  0.0  0.0  0.0  0.0  0.0  0.0  0.0  0.0 
32.9992 17.9482 15.051 70.4352 21.5753 32.9992 8654.16 26.442 0.0  0.0  0.0  0.0  0.0  0.0  0.0  0.0  0.0  0.0  0.0  0.0 
37.0672 19.95 17.1172 82.2495 26.2345 37.0672 4703.48 24.695 0.0  0.0  0.0  0.0  0.0  0.0  0.0  0.0  0.0  0.0  0.0  0.0 
36.6997 19.9033 16.7964 79.7603 25.788 36.6997 12710.7 31.605 0.0  0.0  0.0  0.0  0.0  0.0  0.0  0.0  0.0  0.0  0.0  0.0 
28.6519 15.7238 12.9281 60.9754 19.0658 28.6519 5008.57 20.671 0.0  0.0  0.0  0.0  0.0  0.0  0.0  0.0  0.0  0.0  0.0  0.0 
32.3786 17.413 14.9656 67.9142 22.1244 32.3786 10582 27.462 0.0  0.0  0.0  0.0  0.0  0.0  0.0  0.0  0.0  0.0  0.0  0.0 
27.7297 14.1122 13.6175 54.4022 54.2948 27.7297 821.448 12.834 0.0  0.0  0.0  0.0  0.0  0.0  0.0  0.0  0.0  0.0  0.0  0.0 
34.4753 18.6636 15.8117 75.6899 23.1619 34.4753 3374.33 21.498 0.0  0.0  0.0  0.0  0.0  0.0  0.0  0.0  0.0  0.0  0.0  0.0 
41.2511 22.7206 18.5305 95.5212 28.8171 41.2511 12123 34.058 0.0  0.0  0.0  0.0  0.0  0.0  0.0  0.0  0.0  0.0  0.0  0.0 
35.7119 19.177 16.5349 77.5563 25.1743 35.7119 5300.03 24.759 0.0  0.0  0.0  0.0  0.0  0.0  0.0  0.0  0.0  0.0  0.0  0.0 
32.9128 17.7377 15.1751 71.3819 21.9052 32.9128 2525.94 19.315 0.0  0.0  0.0  0.0  0.0  0.0  0.0  0.0  0.0  0.0  0.0  0.0 
34.8205 18.7259 16.0946 74.2938 24.4931 34.8205 9226.57 27.999 0.0  0.0  0.0  0.0  0.0  0.0  0.0  0.0  0.0  0.0  0.0  0.0 
51.5015 40.0054 11.4961 74.0434 24.0469 51.5015 12171.7 2119 0.0  0.0  0.0  0.0  0.0  0.0  0.0  0.0  0.0  0.0  0.0  0.0 
43.4019 24.0857 19.3162 104.533 30.1505 43.4019 11989.3 35.264 0.0  0.0  0.0  0.0  0.0  0.0  0.0  0.0  0.0  0.0  0.0  0.0 
28.5879 15.5824 13.0055 61.0467 19.1803 28.5879 2982.85 18.193 0.0  0.0  0.0  0.0  0.0  0.0  0.0  0.0  0.0  0.0  0.0  0.0 
35.727 19.1823 16.5447 80.2354 24.5311 35.727 2037.52 19.468 0.0  0.0  0.0  0.0  0.0  0.0  0.0  0.0  0.0  0.0  0.0  0.0 
13.3656 9.5638 3.8018 23.3983 23.2773 13.3656 12084 714.99 0.0  0.0  0.0  0.0  0.0  0.0  0.0  0.0  0.0  0.0  0.0  0.0 
35.185 18.8644 16.3206 76.1908 24.7432 35.185 4450.74 23.42 0.0  0.0  0.0  0.0  0.0  0.0  0.0  0.0  0.0  0.0  0.0  0.0 
42.5576 23.0708 19.4868 99.2918 31.5571 42.5576 9445.72 32.73 0.0  0.0  0.0  0.0  0.0  0.0  0.0  0.0  0.0  0.0  0.0  0.0 
36.9948 20.153 16.8418 81.824 25.3417 36.9948 7855.52 28.099 0.0  0.0  0.0  0.0  0.0  0.0  0.0  0.0  0.0  0.0  0.0  0.0 
28.8902 15.8097 13.0805 61.2997 19.2275 28.8902 6512.45 22.251 0.0  0.0  0.0  0.0  0.0  0.0  0.0  0.0  0.0  0.0  0.0  0.0 
40.7239 22.008 18.7159 96.6353 28.9217 40.7239 3407.11 24.419 0.0  0.0  0.0  0.0  0.0  0.0  0.0  0.0  0.0  0.0  0.0  0.0 
34.2252 18.4408 15.7844 72.707 23.8334 34.2252 10682 28.695 0.0  0.0  0.0  0.0  0.0  0.0  0.0  0.0  0.0  0.0  0.0  0.0 
45.7886 25.2929 20.4957 114.225 33.1601 45.7886 11524 36.349 0.0  0.0  0.0  0.0  0.0  0.0  0.0  0.0  0.0  0.0  0.0  0.0 
28.7229 15.7158 13.0071 60.7931 19.2819 28.7229 8058.89 23.388 0.0  0.0  0.0  0.0  0.0  0.0  0.0  0.0  0.0  0.0  0.0  0.0 
33.9838 18.315 15.6688 72.4191 23.3906 33.9838 7648.47 26.2 0.0  0.0  0.0  0.0  0.0  0.0  0.0  0.0  0.0  0.0  0.0  0.0 
36.9195 20.2906 16.6289 81.6345 24.6096 36.9195 12724.1 31.734 0.0  0.0  0.0  0.0  0.0  0.0  0.0  0.0  0.0  0.0  0.0  0.0 
36.6254 19.6812 16.9442 83.4454 25.2797 36.6254 1994.45 19.727 0.0  0.0  0.0  0.0  0.0  0.0  0.0  0.0  0.0  0.0  0.0  0.0 
30.9077 16.6066 14.3011 64.4268 20.6743 30.9077 13869.4 28.426 0.0  0.0  0.0  0.0  0.0  0.0  0.0  0.0  0.0  0.0  0.0  0.0 
33.2619 17.8386 15.4233 70.244 23.0961 33.2619 6588.31 24.819 0.0  0.0  0.0  0.0  0.0  0.0  0.0  0.0  0.0  0.0  0.0  0.0 
11.2327 6.4408 4.7919 35.0025 33.8382 11.2327 5081.39 734.36 0.0  0.0  0.0  0.0  0.0  0.0  0.0  0.0  0.0  0.0  0.0  0.0 
28.1828 15.4658 12.717 60.6163 18.8855 28.1828 2583.71 17.322 0.0  0.0  0.0  0.0  0.0  0.0  0.0  0.0  0.0  0.0  0.0  0.0 
29.7361 16.1321 13.604 62.3773 19.7809 29.7361 12929.1 27.123 0.0  0.0  0.0  0.0  0.0  0.0  0.0  0.0  0.0  0.0  0.0  0.0 
49.0039 26.4679 22.536 129.552 38.1133 49.0039 8487.19 35.402 0.0  0.0  0.0  0.0  0.0  0.0  0.0  0.0  0.0  0.0  0.0  0.0 
43.7705 24.1878 19.5827 104.999 31.179 43.7705 12929.2 36.191 0.0  0.0  0.0  0.0  0.0  0.0  0.0  0.0  0.0  0.0  0.0  0.0 
41.2943 22.2883 19.006 97.0535 30.0426 41.2943 4879.21 27.025 0.0  0.0  0.0  0.0  0.0  0.0  0.0  0.0  0.0  0.0  0.0  0.0 
34.2383 18.5672 15.6711 73.1681 23.2137 34.2383 13304.8 30.356 0.0  0.0  0.0  0.0  0.0  0.0  0.0  0.0  0.0  0.0  0.0  0.0 
35.3303 18.9949 16.3354 77.3504 24.524 35.3303 3833.35 22.618 0.0  0.0  0.0  0.0  0.0  0.0  0.0  0.0  0.0  0.0  0.0  0.0 
32.1354 17.3205 14.8149 67.5137 21.6221 32.1354 12607.5 28.558 0.0  0.0  0.0  0.0  0.0  0.0  0.0  0.0  0.0  0.0  0.0  0.0 
26.832 15.0321 11.7999 57.9438 18.0781 26.832 7625.95 21.936 0.0  0.0  0.0  0.0  0.0  0.0  0.0  0.0  0.0  0.0  0.0  0.0 
44.398 24.0398 20.3582 106.432 33.4915 44.398 8783.44 33.164 0.0  0.0  0.0  0.0  0.0  0.0  0.0  0.0  0.0  0.0  0.0  0.0 
38.5873 20.7913 17.796 88.6677 27.1341 38.5873 3155.84 23.009 0.0  0.0  0.0  0.0  0.0  0.0  0.0  0.0  0.0  0.0  0.0  0.0 
33.6272 18.1591 15.4681 72.0824 22.6322 33.6272 5365.78 23.736 0.0  0.0  0.0  0.0  0.0  0.0  0.0  0.0  0.0  0.0  0.0  0.0 
34.0429 18.4618 15.5811 72.8193 23.1122 34.0429 10249.6 28.271 0.0  0.0  0.0  0.0  0.0  0.0  0.0  0.0  0.0  0.0  0.0  0.0 
38.1952 20.6011 17.5941 83.335 28.0538 38.1952 13867.5 33.309 0.0  0.0  0.0  0.0  0.0  0.0  0.0  0.0  0.0  0.0  0.0  0.0 
6.6815 3.6654 3.0161 31.0865 29.0886 6.6815 1033.61 86.424 0.0  0.0  0.0  0.0  0.0  0.0  0.0  0.0  0.0  0.0  0.0  0.0 
32.7019 17.6606 15.0413 69.0556 22.0233 32.7019 12122.3 28.643 0.0  0.0  0.0  0.0  0.0  0.0  0.0  0.0  0.0  0.0  0.0  0.0 
32.7454 17.5807 15.1647 69.4621 22.3251 32.7454 4656.27 22.447 0.0  0.0  0.0  0.0  0.0  0.0  0.0  0.0  0.0  0.0  0.0  0.0 
31.7135 17.0353 14.6782 67.052 21.2523 31.7135 3931.92 20.993 0.0  0.0  0.0  0.0  0.0  0.0  0.0  0.0  0.0  0.0  0.0  0.0 
31.7033 17.1751 14.5282 66.8394 20.7309 31.7033 12892 28.425 0.0  0.0  0.0  0.0  0.0  0.0  0.0  0.0  0.0  0.0  0.0  0.0 
40.2553 21.8822 18.3731 92.9464 28.5705 40.2553 6521.08 28.544 0.0  0.0  0.0  0.0  0.0  0.0  0.0  0.0  0.0  0.0  0.0  0.0 
33.9933 18.3225 15.6708 72.535 23.375 33.9933 7126 25.734 0.0  0.0  0.0  0.0  0.0  0.0  0.0  0.0  0.0  0.0  0.0  0.0 
31.6309 17.1211 14.5098 66.6176 20.7884 31.6309 11210.3 27.38 0.0  0.0  0.0  0.0  0.0  0.0  0.0  0.0  0.0  0.0  0.0  0.0 
9.8129 6.1972 3.6157 28.2533 26.7975 9.8129 1394.93 120.54 0.0  0.0  0.0  0.0  0.0  0.0  0.0  0.0  0.0  0.0  0.0  0.0 
35.7552 19.3723 16.3829 77.033 24.9716 35.7552 12586.8 30.917 0.0  0.0  0.0  0.0  0.0  0.0  0.0  0.0  0.0  0.0  0.0  0.0 
33.3167 18.0659 15.2508 71.4654 22.1016 33.3167 5550.93 23.772 0.0  0.0  0.0  0.0  0.0  0.0  0.0  0.0  0.0  0.0  0.0  0.0 
32.0599 17.2988 14.7611 67.4029 21.4502 32.0599 12286.8 28.319 0.0  0.0  0.0  0.0  0.0  0.0  0.0  0.0  0.0  0.0  0.0  0.0 
44.4084 24.0188 20.3896 109.526 32.9288 44.4084 5337.02 29.198 0.0  0.0  0.0  0.0  0.0  0.0  0.0  0.0  0.0  0.0  0.0  0.0 
34.2659 18.5235 15.7424 75.1382 22.9886 34.2659 3081.14 20.92 0.0  0.0  0.0  0.0  0.0  0.0  0.0  0.0  0.0  0.0  0.0  0.0 
29.6846 15.9682 13.7164 62.4317 19.8507 29.6846 3081.13 18.794 0.0  0.0  0.0  0.0  0.0  0.0  0.0  0.0  0.0  0.0  0.0  0.0 
7.0598 3.6581 3.4017 27.7341 12.8664 7.0598 1492.45 70.051 0.0  0.0  0.0  0.0  0.0  0.0  0.0  0.0  0.0  0.0  0.0  0.0 
45.4327 24.4587 20.974 113.256 34.2903 45.4327 5335.86 29.706 0.0  0.0  0.0  0.0  0.0  0.0  0.0  0.0  0.0  0.0  0.0  0.0 
15.0428 7.7921 7.2507 41.4174 41.1045 15.0428 4900.04 15.818 0.0  0.0  0.0  0.0  0.0  0.0  0.0  0.0  0.0  0.0  0.0  0.0 
30.2983 16.4172 13.8811 64.005 19.7044 30.2983 4183.14 20.597 0.0  0.0  0.0  0.0  0.0  0.0  0.0  0.0  0.0  0.0  0.0  0.0 
37.3446 20.157 17.1876 81.951 26.6086 37.3446 8047.33 28.486 0.0  0.0  0.0  0.0  0.0  0.0  0.0  0.0  0.0  0.0  0.0  0.0 
30.2452 16.4106 13.8346 64.0122 19.647 30.2452 4010.75 20.352 0.0  0.0  0.0  0.0  0.0  0.0  0.0  0.0  0.0  0.0  0.0  0.0 
33.1208 17.8238 15.297 70.5533 22.5765 33.1208 5276.15 23.37 0.0  0.0  0.0  0.0  0.0  0.0  0.0  0.0  0.0  0.0  0.0  0.0 
33.0747 17.8524 15.2223 69.8384 22.5517 33.0747 12077.9 28.861 0.0  0.0  0.0  0.0  0.0  0.0  0.0  0.0  0.0  0.0  0.0  0.0 
35.2208 18.945 16.2758 78.2747 24.0777 35.2208 2376.38 20.016 0.0  0.0  0.0  0.0  0.0  0.0  0.0  0.0  0.0  0.0  0.0  0.0 
27.8358 15.3559 12.4799 60.0151 18.691 27.8358 2575.66 17.12 0.0  0.0  0.0  0.0  0.0  0.0  0.0  0.0  0.0  0.0  0.0  0.0 
31.5542 17.0876 14.4666 66.9546 20.5811 31.5542 4811.24 22.006 0.0  0.0  0.0  0.0  0.0  0.0  0.0  0.0  0.0  0.0  0.0  0.0 
32.9052 17.8609 15.0443 70.7221 21.6263 32.9052 4821.8 22.719 0.0  0.0  0.0  0.0  0.0  0.0  0.0  0.0  0.0  0.0  0.0  0.0 
26.6727 14.9162 11.7565 57.9374 18.0641 26.6727 3697.79 18.28 0.0  0.0  0.0  0.0  0.0  0.0  0.0  0.0  0.0  0.0  0.0  0.0 
33.1435 17.9729 15.1706 70.4664 22.0074 33.1435 11590.1 28.596 0.0  0.0  0.0  0.0  0.0  0.0  0.0  0.0  0.0  0.0  0.0  0.0 
33.8884 18.3307 15.5577 73.4155 22.719 33.8884 4094.3 22.285 0.0  0.0  0.0  0.0  0.0  0.0  0.0  0.0  0.0  0.0  0.0  0.0 
38.5744 20.9409 17.6335 87.7873 26.9242 38.5744 5086.18 25.946 0.0  0.0  0.0  0.0  0.0  0.0  0.0  0.0  0.0  0.0  0.0  0.0 
37.8158 20.5754 17.2404 85.054 26.0428 37.8158 5873.35 26.517 0.0  0.0  0.0  0.0  0.0  0.0  0.0  0.0  0.0  0.0  0.0  0.0 
34.5385 18.8841 15.6544 74.9073 22.7278 34.5385 8924.01 27.571 0.0  0.0  0.0  0.0  0.0  0.0  0.0  0.0  0.0  0.0  0.0  0.0 
28.3061 15.573 12.7331 60.1648 18.9742 28.3061 10067.3 24.589 0.0  0.0  0.0  0.0  0.0  0.0  0.0  0.0  0.0  0.0  0.0  0.0 
30.9061 16.615 14.2911 64.9879 20.4643 30.9061 3966.6 20.636 0.0  0.0  0.0  0.0  0.0  0.0  0.0  0.0  0.0  0.0  0.0  0.0 
27.2581 15.2432 12.0149 58.8118 18.1676 27.2581 13009.4 25.455 0.0  0.0  0.0  0.0  0.0  0.0  0.0  0.0  0.0  0.0  0.0  0.0 
32.5273 17.5806 14.9467 68.8811 21.7485 32.5273 7413.75 25.148 0.0  0.0  0.0  0.0  0.0  0.0  0.0  0.0  0.0  0.0  0.0  0.0 
34.673 18.5884 16.0846 76.7136 23.7456 34.673 2034.05 19.028 0.0  0.0  0.0  0.0  0.0  0.0  0.0  0.0  0.0  0.0  0.0  0.0 
30.1177 16.1667 13.951 63.6769 19.8867 30.1177 2422.58 17.889 0.0  0.0  0.0  0.0  0.0  0.0  0.0  0.0  0.0  0.0  0.0  0.0 
6.5405 3.5303 3.0102 30.5145 29.0514 6.5405 464.586 57.848 0.0  0.0  0.0  0.0  0.0  0.0  0.0  0.0  0.0  0.0  0.0  0.0 
32.7971 17.7446 15.0525 70.4187 21.712 32.7971 4219.77 21.911 0.0  0.0  0.0  0.0  0.0  0.0  0.0  0.0  0.0  0.0  0.0  0.0 
27.3207 15.237 12.0837 59.0368 18.2755 27.3207 4728.32 19.734 0.0  0.0  0.0  0.0  0.0  0.0  0.0  0.0  0.0  0.0  0.0  0.0 
37.211 20.0702 17.1408 82.7365 26.2562 37.211 5231.55 25.445 0.0  0.0  0.0  0.0  0.0  0.0  0.0  0.0  0.0  0.0  0.0  0.0 
35.6611 19.1396 16.5215 76.204 25.6354 35.6611 10430.3 29.417 0.0  0.0  0.0  0.0  0.0  0.0  0.0  0.0  0.0  0.0  0.0  0.0 
45.281 24.6501 20.6309 112.175 33.512 45.281 7484.65 32.295 0.0  0.0  0.0  0.0  0.0  0.0  0.0  0.0  0.0  0.0  0.0  0.0 
40.5928 22.0174 18.5754 92.6097 29.5623 40.5928 9192.15 31.37 0.0  0.0  0.0  0.0  0.0  0.0  0.0  0.0  0.0  0.0  0.0  0.0 
42.3381 22.8734 19.4647 100.757 31.0071 42.3381 5327.62 28.16 0.0  0.0  0.0  0.0  0.0  0.0  0.0  0.0  0.0  0.0  0.0  0.0 
32.614 17.6745 14.9395 69.258 21.6103 32.614 8000.09 25.692 0.0  0.0  0.0  0.0  0.0  0.0  0.0  0.0  0.0  0.0  0.0  0.0 
34.5626 18.8003 15.7623 74.6111 23.1808 34.5626 8260.02 27.051 0.0  0.0  0.0  0.0  0.0  0.0  0.0  0.0  0.0  0.0  0.0  0.0 
28.6198 15.6644 12.9554 61.2056 19.102 28.6198 3060.28 18.258 0.0  0.0  0.0  0.0  0.0  0.0  0.0  0.0  0.0  0.0  0.0  0.0 
31.4526 16.8418 14.6108 65.7871 21.3697 31.4526 5198.6 22.402 0.0  0.0  0.0  0.0  0.0  0.0  0.0  0.0  0.0  0.0  0.0  0.0 
6.3936 3.0627 3.3309 26.8859 13.072 6.3936 5978.27 8.3674 0.0  0.0  0.0  0.0  0.0  0.0  0.0  0.0  0.0  0.0  0.0  0.0 
26.7911 15.0415 11.7496 58.0193 17.9981 26.7911 12172.5 24.66 0.0  0.0  0.0  0.0  0.0  0.0  0.0  0.0  0.0  0.0  0.0  0.0 
29.1186 16.0085 13.1101 61.8646 19.0652 29.1186 11041.4 25.634 0.0  0.0  0.0  0.0  0.0  0.0  0.0  0.0  0.0  0.0  0.0  0.0 
41.2654 22.2163 19.0491 97.0932 30.1107 41.2654 4362.26 26.255 0.0  0.0  0.0  0.0  0.0  0.0  0.0  0.0  0.0  0.0  0.0  0.0 
38.8422 21.0156 17.8266 87.3409 27.7313 38.8422 6823.75 28.121 0.0  0.0  0.0  0.0  0.0  0.0  0.0  0.0  0.0  0.0  0.0  0.0 
36.2945 19.843 16.4515 79.7492 24.409 36.2945 9338.94 28.951 0.0  0.0  0.0  0.0  0.0  0.0  0.0  0.0  0.0  0.0  0.0  0.0 
34.8789 19.0754 15.8035 76.2196 22.9975 34.8789 7102.23 26.194 0.0  0.0  0.0  0.0  0.0  0.0  0.0  0.0  0.0  0.0  0.0  0.0 
34.0215 18.3565 15.665 72.7282 23.2708 34.0215 7063.08 25.69 0.0  0.0  0.0  0.0  0.0  0.0  0.0  0.0  0.0  0.0  0.0  0.0 
34.3144 18.5548 15.7596 74.759 23.1012 34.3144 3722.4 21.96 0.0  0.0  0.0  0.0  0.0  0.0  0.0  0.0  0.0  0.0  0.0  0.0 
33.3527 18.2163 15.1364 71.4075 21.6473 33.3527 12440.6 29.247 0.0  0.0  0.0  0.0  0.0  0.0  0.0  0.0  0.0  0.0  0.0  0.0 
32.6133 17.6314 14.9819 68.9723 21.8058 32.6133 10451.1 27.517 0.0  0.0  0.0  0.0  0.0  0.0  0.0  0.0  0.0  0.0  0.0  0.0 
38.0712 20.7488 17.3224 84.5955 26.5565 38.0712 10997.5 31.296 0.0  0.0  0.0  0.0  0.0  0.0  0.0  0.0  0.0  0.0  0.0  0.0 
36.3829 19.5946 16.7883 78.8417 25.9465 36.3829 8716.11 28.515 0.0  0.0  0.0  0.0  0.0  0.0  0.0  0.0  0.0  0.0  0.0  0.0 
37.5122 20.4761 17.0361 82.8828 25.8255 37.5122 11689.4 31.437 0.0  0.0  0.0  0.0  0.0  0.0  0.0  0.0  0.0  0.0  0.0  0.0 
37.6708 20.5077 17.1631 83.1318 26.3763 37.6708 11834.8 31.64 0.0  0.0  0.0  0.0  0.0  0.0  0.0  0.0  0.0  0.0  0.0  0.0 
34.6941 18.7083 15.9858 74.2504 24.1094 34.6941 8284.04 27.159 0.0  0.0  0.0  0.0  0.0  0.0  0.0  0.0  0.0  0.0  0.0  0.0 
34.0877 18.5529 15.5348 73.399 22.638 34.0877 7652.59 26.252 0.0  0.0  0.0  0.0  0.0  0.0  0.0  0.0  0.0  0.0  0.0  0.0 
33.506 18.3105 15.1955 71.8869 21.6772 33.506 13865.8 30.174 0.0  0.0  0.0  0.0  0.0  0.0  0.0  0.0  0.0  0.0  0.0  0.0 
9.9653 5.5983 4.367 28.3323 18.3804 9.9653 28.6145 82.589 0.0  0.0  0.0  0.0  0.0  0.0  0.0  0.0  0.0  0.0  0.0  0.0 
30.1816 16.2103 13.9713 63.184 20.0353 30.1816 4062.37 20.398 0.0  0.0  0.0  0.0  0.0  0.0  0.0  0.0  0.0  0.0  0.0  0.0 
42.6416 23.1349 19.5067 99.8009 31.6173 42.6416 9124.18 32.487 0.0  0.0  0.0  0.0  0.0  0.0  0.0  0.0  0.0  0.0  0.0  0.0 
34.8518 18.9309 15.9209 74.9448 23.6865 34.8518 12627.3 30.351 0.0  0.0  0.0  0.0  0.0  0.0  0.0  0.0  0.0  0.0  0.0  0.0 
30.5305 16.393 14.1375 63.9493 20.166 30.5305 4088.85 20.607 0.0  0.0  0.0  0.0  0.0  0.0  0.0  0.0  0.0  0.0  0.0  0.0 
33.7653 18.4349 15.3304 72.4709 22.0898 33.7653 11287.9 28.792 0.0  0.0  0.0  0.0  0.0  0.0  0.0  0.0  0.0  0.0  0.0  0.0 
42.9293 23.487 19.4423 101.872 31.0271 42.9293 9909.42 33.336 0.0  0.0  0.0  0.0  0.0  0.0  0.0  0.0  0.0  0.0  0.0  0.0 
33.0321 22.644 10.3881 38.7964 23.4808 33.0321 11985.3 4175.4 0.0  0.0  0.0  0.0  0.0  0.0  0.0  0.0  0.0  0.0  0.0  0.0 
34.564 18.5692 15.9948 73.9092 24.1547 34.564 6647.03 25.6 0.0  0.0  0.0  0.0  0.0  0.0  0.0  0.0  0.0  0.0  0.0  0.0 
45.1574 24.2849 20.8725 112.874 33.9275 45.1574 4491.64 28.302 0.0  0.0  0.0  0.0  0.0  0.0  0.0  0.0  0.0  0.0  0.0  0.0 
38.9067 21.0417 17.865 88.3151 27.638 38.9067 5302.57 26.397 0.0  0.0  0.0  0.0  0.0  0.0  0.0  0.0  0.0  0.0  0.0  0.0 
9.4461 4.8343 4.6118 34.1801 34.0939 9.4461 4117.33 8.9319 0.0  0.0  0.0  0.0  0.0  0.0  0.0  0.0  0.0  0.0  0.0  0.0 
40.8557 22.2514 18.6043 95.3192 28.9897 40.8557 6522.99 28.863 0.0  0.0  0.0  0.0  0.0  0.0  0.0  0.0  0.0  0.0  0.0  0.0 
42.1033 22.8212 19.2821 97.0606 31.3094 42.1033 10842.2 33.636 0.0  0.0  0.0  0.0  0.0  0.0  0.0  0.0  0.0  0.0  0.0  0.0 
38.9402 21.1669 17.7733 88.2163 27.4081 38.9402 6936.87 28.287 0.0  0.0  0.0  0.0  0.0  0.0  0.0  0.0  0.0  0.0  0.0  0.0 
7.7234 4.4913 3.2321 26.9187 14.7635 7.7234 9660.13 10.334 0.0  0.0  0.0  0.0  0.0  0.0  0.0  0.0  0.0  0.0  0.0  0.0 
28.7426 15.7318 13.0108 61.1302 19.2037 28.7426 4882.8 20.642 0.0  0.0  0.0  0.0  0.0  0.0  0.0  0.0  0.0  0.0  0.0  0.0 
24.6312 11.7004 12.9308 44.4865 41.575 24.6312 89.9265 6.9127 0.0  0.0  0.0  0.0  0.0  0.0  0.0  0.0  0.0  0.0  0.0  0.0 
33.3137 17.9228 15.3909 70.2646 22.9884 33.3137 11967.2 28.952 0.0  0.0  0.0  0.0  0.0  0.0  0.0  0.0  0.0  0.0  0.0  0.0 
36.505 19.7607 16.7443 79.2007 25.7083 36.505 11906.3 30.959 0.0  0.0  0.0  0.0  0.0  0.0  0.0  0.0  0.0  0.0  0.0  0.0 
21.4645 15.1349 6.3296 28.9748 27.1808 21.4645 3052.84 758.63 0.0  0.0  0.0  0.0  0.0  0.0  0.0  0.0  0.0  0.0  0.0  0.0 
33.9746 18.2598 15.7148 72.6858 23.4618 33.9746 5082.45 23.596 0.0  0.0  0.0  0.0  0.0  0.0  0.0  0.0  0.0  0.0  0.0  0.0 
35.3007 19.1332 16.1675 76.155 24.3095 35.3007 10218.8 29.029 0.0  0.0  0.0  0.0  0.0  0.0  0.0  0.0  0.0  0.0  0.0  0.0 
19.187 12.3337 6.8533 33.9279 10.9226 19.187 4367 741.18 0.0  0.0  0.0  0.0  0.0  0.0  0.0  0.0  0.0  0.0  0.0  0.0 
31.6997 17.03 14.6697 66.3481 21.416 31.6997 7920.05 25.094 0.0  0.0  0.0  0.0  0.0  0.0  0.0  0.0  0.0  0.0  0.0  0.0 
39.7945 21.3959 18.3986 90.1778 29.1224 39.7945 5989.6 27.703 0.0  0.0  0.0  0.0  0.0  0.0  0.0  0.0  0.0  0.0  0.0  0.0 
37.3922 20.1388 17.2534 81.5245 26.9913 37.3922 9422.18 29.693 0.0  0.0  0.0  0.0  0.0  0.0  0.0  0.0  0.0  0.0  0.0  0.0 
31.6029 16.9474 14.6555 65.9631 21.5257 31.6029 9316.74 26.104 0.0  0.0  0.0  0.0  0.0  0.0  0.0  0.0  0.0  0.0  0.0  0.0 
37.7904 20.7445 17.0459 84.9287 25.516 37.7904 8345.76 28.986 0.0  0.0  0.0  0.0  0.0  0.0  0.0  0.0  0.0  0.0  0.0  0.0 
38.3419 20.578 17.7639 86.0069 27.6496 38.3419 4648.67 25.256 0.0  0.0  0.0  0.0  0.0  0.0  0.0  0.0  0.0  0.0  0.0  0.0 
36.3918 19.7898 16.602 79.7245 24.9379 36.3918 8286.8 28.141 0.0  0.0  0.0  0.0  0.0  0.0  0.0  0.0  0.0  0.0  0.0  0.0 
32.3935 17.4594 14.9341 68.2816 21.8209 32.3935 8794.59 26.196 0.0  0.0  0.0  0.0  0.0  0.0  0.0  0.0  0.0  0.0  0.0  0.0 
29.3643 15.8749 13.4894 61.9255 19.6828 29.3643 3487.74 19.261 0.0  0.0  0.0  0.0  0.0  0.0  0.0  0.0  0.0  0.0  0.0  0.0 
9.2957 5.9468 3.3489 31.0087 29.1145 9.2957 12455.3 2486.2 0.0  0.0  0.0  0.0  0.0  0.0  0.0  0.0  0.0  0.0  0.0  0.0 
26.1288 14.7254 11.4034 56.796 17.7994 26.1288 5150.23 19.559 0.0  0.0  0.0  0.0  0.0  0.0  0.0  0.0  0.0  0.0  0.0  0.0 
13.6568 9.1348 4.522 28.7099 22.5107 13.6568 10801.8 23.308 0.0  0.0  0.0  0.0  0.0  0.0  0.0  0.0  0.0  0.0  0.0  0.0 
30.0938 20.621 9.4728 36.3989 16.643 30.0938 8676.63 829.86 0.0  0.0  0.0  0.0  0.0  0.0  0.0  0.0  0.0  0.0  0.0  0.0 
30.1013 16.2859 13.8154 63.0312 19.8944 30.1013 10141.2 25.724 0.0  0.0  0.0  0.0  0.0  0.0  0.0  0.0  0.0  0.0  0.0  0.0 
40.7008 21.9413 18.7595 94.036 29.7333 40.7008 5667.96 27.778 0.0  0.0  0.0  0.0  0.0  0.0  0.0  0.0  0.0  0.0  0.0  0.0 
33.3741 18.0648 15.3093 71.1168 22.4456 33.3741 8465.34 26.522 0.0  0.0  0.0  0.0  0.0  0.0  0.0  0.0  0.0  0.0  0.0  0.0 
37.2518 20.3573 16.8945 82.6659 25.3569 37.2518 9195.86 29.406 0.0  0.0  0.0  0.0  0.0  0.0  0.0  0.0  0.0  0.0  0.0  0.0 
47.0296 25.9497 21.0799 121.355 34.2599 47.0296 10235.2 35.977 0.0  0.0  0.0  0.0  0.0  0.0  0.0  0.0  0.0  0.0  0.0  0.0 
45.7212 24.7344 20.9868 116.871 33.9397 45.7212 4621.11 28.767 0.0  0.0  0.0  0.0  0.0  0.0  0.0  0.0  0.0  0.0  0.0  0.0 
41.5853 22.4735 19.1118 100.348 29.7665 41.5853 3222.61 24.462 0.0  0.0  0.0  0.0  0.0  0.0  0.0  0.0  0.0  0.0  0.0  0.0 
35.3596 19.1581 16.2015 76.4885 24.3459 35.3596 8256.71 27.519 0.0  0.0  0.0  0.0  0.0  0.0  0.0  0.0  0.0  0.0  0.0  0.0 
32.3217 17.4999 14.8218 68.5333 21.4134 32.3217 6834.22 24.51 0.0  0.0  0.0  0.0  0.0  0.0  0.0  0.0  0.0  0.0  0.0  0.0 
43.4875 23.5386 19.9489 101.32 33.0747 43.4875 11958.3 35.34 0.0  0.0  0.0  0.0  0.0  0.0  0.0  0.0  0.0  0.0  0.0  0.0 
32.8093 17.8409 14.9684 70.2093 21.4402 32.8093 6280.54 24.251 0.0  0.0  0.0  0.0  0.0  0.0  0.0  0.0  0.0  0.0  0.0  0.0 
29.1304 15.853 13.2774 61.5773 19.4098 29.1304 4578.8 20.486 0.0  0.0  0.0  0.0  0.0  0.0  0.0  0.0  0.0  0.0  0.0  0.0 
32.1191 17.3719 14.7472 68.2999 21.0879 32.1191 4776.15 22.261 0.0  0.0  0.0  0.0  0.0  0.0  0.0  0.0  0.0  0.0  0.0  0.0 
7.4174 3.7371 3.6803 31.2731 31.2137 7.4174 736.288 35.91 0.0  0.0  0.0  0.0  0.0  0.0  0.0  0.0  0.0  0.0  0.0  0.0 
46.7345 25.7544 20.9801 119.768 33.9443 46.7345 9947.84 35.549 0.0  0.0  0.0  0.0  0.0  0.0  0.0  0.0  0.0  0.0  0.0  0.0 
15.2302 11.0039 4.2263 35.7567 32.0494 15.2302 3980.05 11.775 0.0  0.0  0.0  0.0  0.0  0.0  0.0  0.0  0.0  0.0  0.0  0.0 
36.0524 19.4541 16.5983 79.0232 25.1612 36.0524 5420.67 25.074 0.0  0.0  0.0  0.0  0.0  0.0  0.0  0.0  0.0  0.0  0.0  0.0 
35.3825 19.2627 16.1198 76.8534 23.9158 35.3825 8822.2 27.998 0.0  0.0  0.0  0.0  0.0  0.0  0.0  0.0  0.0  0.0  0.0  0.0 
30.5773 16.497 14.0803 64.0539 19.9824 30.5773 7448.42 24.042 0.0  0.0  0.0  0.0  0.0  0.0  0.0  0.0  0.0  0.0  0.0  0.0 
36.351 19.8355 16.5155 79.8758 24.5687 36.351 8625.89 28.403 0.0  0.0  0.0  0.0  0.0  0.0  0.0  0.0  0.0  0.0  0.0  0.0 
26.8881 23.2613 3.6268 96.0629 25.4601 26.8881 9842.3 975.38 0.0  0.0  0.0  0.0  0.0  0.0  0.0  0.0  0.0  0.0  0.0  0.0 
32.2993 17.5243 14.775 68.3422 21.1482 32.2993 11908.8 28.243 0.0  0.0  0.0  0.0  0.0  0.0  0.0  0.0  0.0  0.0  0.0  0.0 
39.8542 21.5914 18.2628 89.7966 28.873 39.8542 9467.26 31.177 0.0  0.0  0.0  0.0  0.0  0.0  0.0  0.0  0.0  0.0  0.0  0.0 
17.5164 13.734 3.7824 33.1158 12.3485 17.5164 12971.6 412.26 0.0  0.0  0.0  0.0  0.0  0.0  0.0  0.0  0.0  0.0  0.0  0.0 
39.6265 21.4476 18.1789 89.8625 28.5425 39.6265 7081.48 28.818 0.0  0.0  0.0  0.0  0.0  0.0  0.0  0.0  0.0  0.0  0.0  0.0 
43.2956 23.3956 19.9 100.273 33.0804 43.2956 12363 35.528 0.0  0.0  0.0  0.0  0.0  0.0  0.0  0.0  0.0  0.0  0.0  0.0 
33.1027 17.9337 15.169 70.5283 22.0106 33.1027 7120.86 25.216 0.0  0.0  0.0  0.0  0.0  0.0  0.0  0.0  0.0  0.0  0.0  0.0 
39.5707 21.4258 18.1449 88.4153 28.8513 39.5707 11683.2 32.73 0.0  0.0  0.0  0.0  0.0  0.0  0.0  0.0  0.0  0.0  0.0  0.0 
48.1874 33.7261 14.4613 66.4236 25.5546 48.1874 4047.6 1856.8 0.0  0.0  0.0  0.0  0.0  0.0  0.0  0.0  0.0  0.0  0.0  0.0 
31.6462 16.9202 14.726 68.513 21.1176 31.6462 1462.38 16.358 0.0  0.0  0.0  0.0  0.0  0.0  0.0  0.0  0.0  0.0  0.0  0.0 
40.433 22.3676 18.0654 93.0723 27.4869 40.433 13680.3 34.596 0.0  0.0  0.0  0.0  0.0  0.0  0.0  0.0  0.0  0.0  0.0  0.0 
26.275 14.7996 11.4754 56.9894 17.8179 26.275 7385.83 21.483 0.0  0.0  0.0  0.0  0.0  0.0  0.0  0.0  0.0  0.0  0.0  0.0 
34.0625 18.6324 15.4301 73.4297 22.2131 34.0625 13406.2 30.284 0.0  0.0  0.0  0.0  0.0  0.0  0.0  0.0  0.0  0.0  0.0  0.0 
6.9751 3.2768 3.6983 25.2062 16.1657 6.9751 10991.6 9.1368 0.0  0.0  0.0  0.0  0.0  0.0  0.0  0.0  0.0  0.0  0.0  0.0 
28.9334 15.7628 13.1706 60.9765 19.4782 28.9334 7866.55 23.41 0.0  0.0  0.0  0.0  0.0  0.0  0.0  0.0  0.0  0.0  0.0  0.0 
39.9948 21.6258 18.369 91.053 28.9312 39.9948 7108.63 29.048 0.0  0.0  0.0  0.0  0.0  0.0  0.0  0.0  0.0  0.0  0.0  0.0 
34.7955 19.0692 15.7263 75.6307 22.7787 34.7955 10586.2 28.962 0.0  0.0  0.0  0.0  0.0  0.0  0.0  0.0  0.0  0.0  0.0  0.0 
30.9022 16.6859 14.2163 64.7358 20.2585 30.9022 11226 26.918 0.0  0.0  0.0  0.0  0.0  0.0  0.0  0.0  0.0  0.0  0.0  0.0 
33.1017 17.8791 15.2226 70.9157 22.1276 33.1017 4447.31 22.361 0.0  0.0  0.0  0.0  0.0  0.0  0.0  0.0  0.0  0.0  0.0  0.0 
30.3567 16.466 13.8907 63.9018 19.6975 30.3567 6958.29 23.486 0.0  0.0  0.0  0.0  0.0  0.0  0.0  0.0  0.0  0.0  0.0  0.0 
37.3787 20.1 17.2787 84.9169 26.0598 37.3787 2673.63 21.555 0.0  0.0  0.0  0.0  0.0  0.0  0.0  0.0  0.0  0.0  0.0  0.0 
37.1551 20.4024 16.7527 83.2293 24.8663 37.1551 7642.31 27.981 0.0  0.0  0.0  0.0  0.0  0.0  0.0  0.0  0.0  0.0  0.0  0.0 
33.7334 18.1758 15.5576 72.2848 23.0206 33.7334 5169.53 23.569 0.0  0.0  0.0  0.0  0.0  0.0  0.0  0.0  0.0  0.0  0.0  0.0 
33.5743 18.292 15.2823 72.4648 21.9553 33.5743 6053.11 24.44 0.0  0.0  0.0  0.0  0.0  0.0  0.0  0.0  0.0  0.0  0.0  0.0 
40.9345 22.3387 18.5958 94.374 29.2678 40.9345 9544.35 31.864 0.0  0.0  0.0  0.0  0.0  0.0  0.0  0.0  0.0  0.0  0.0  0.0 
42.853 23.0656 19.7874 102.407 31.8741 42.853 5035.42 28.014 0.0  0.0  0.0  0.0  0.0  0.0  0.0  0.0  0.0  0.0  0.0  0.0 
39.0062 20.9899 18.0163 87.3628 28.3635 39.0062 6618.04 27.996 0.0  0.0  0.0  0.0  0.0  0.0  0.0  0.0  0.0  0.0  0.0  0.0 
34.8696 18.7677 16.1019 75.4812 24.1333 34.8696 4972.23 23.924 0.0  0.0  0.0  0.0  0.0  0.0  0.0  0.0  0.0  0.0  0.0  0.0 
35.2258 19.2488 15.977 76.6325 23.4089 35.2258 9630.7 28.534 0.0  0.0  0.0  0.0  0.0  0.0  0.0  0.0  0.0  0.0  0.0  0.0 
32.3218 17.4463 14.8755 69.1896 21.3708 32.3218 3468.03 20.626 0.0  0.0  0.0  0.0  0.0  0.0  0.0  0.0  0.0  0.0  0.0  0.0 
29.8932 16.0614 13.8318 62.5507 20.0442 29.8932 3983.84 20.16 0.0  0.0  0.0  0.0  0.0  0.0  0.0  0.0  0.0  0.0  0.0  0.0 
32.5963 17.4915 15.1048 68.4736 22.4733 32.5963 8415.48 26.028 0.0  0.0  0.0  0.0  0.0  0.0  0.0  0.0  0.0  0.0  0.0  0.0 
48.7239 26.6533 22.0706 127.219 37.0632 48.7239 12644.1 39.019 0.0  0.0  0.0  0.0  0.0  0.0  0.0  0.0  0.0  0.0  0.0  0.0 
31.4061 16.9312 14.4749 66.502 20.719 31.4061 3906.15 20.803 0.0  0.0  0.0  0.0  0.0  0.0  0.0  0.0  0.0  0.0  0.0  0.0 
37.2861 20.0107 17.2754 82.96 26.4864 37.2861 4206.71 24.113 0.0  0.0  0.0  0.0  0.0  0.0  0.0  0.0  0.0  0.0  0.0  0.0 
22.4635 17.1965 5.267 32.8896 18.9829 22.4635 22.7581 450.84 0.0  0.0  0.0  0.0  0.0  0.0  0.0  0.0  0.0  0.0  0.0  0.0 
41.7666 22.8458 18.9208 98.8922 29.4899 41.7666 6741 29.586 0.0  0.0  0.0  0.0  0.0  0.0  0.0  0.0  0.0  0.0  0.0  0.0 
26.7344 14.9126 11.8218 58.0115 18.1382 26.7344 2692.47 16.791 0.0  0.0  0.0  0.0  0.0  0.0  0.0  0.0  0.0  0.0  0.0  0.0 
29.8992 17.3087 12.5905 40.5966 22.8404 29.8992 13075.6 1819.4 0.0  0.0  0.0  0.0  0.0  0.0  0.0  0.0  0.0  0.0  0.0  0.0 
39.5766 21.3788 18.1978 87.7056 29.3038 39.5766 13812.8 34.171 0.0  0.0  0.0  0.0  0.0  0.0  0.0  0.0  0.0  0.0  0.0  0.0 
34.8835 18.9553 15.9282 75.069 23.7513 34.8835 11770.9 29.83 0.0  0.0  0.0  0.0  0.0  0.0  0.0  0.0  0.0  0.0  0.0  0.0 
28.8397 15.8582 12.9815 61.3839 19.0028 28.8397 13703.8 26.925 0.0  0.0  0.0  0.0  0.0  0.0  0.0  0.0  0.0  0.0  0.0  0.0 
32.425 17.5579 14.8671 68.5391 21.5697 32.425 11561.6 28.114 0.0  0.0  0.0  0.0  0.0  0.0  0.0  0.0  0.0  0.0  0.0  0.0 
33.1009 18.0065 15.0944 71.0578 21.6157 33.1009 6204.83 24.337 0.0  0.0  0.0  0.0  0.0  0.0  0.0  0.0  0.0  0.0  0.0  0.0 
36.087 19.6834 16.4036 79.0503 24.4088 36.087 9337.76 28.829 0.0  0.0  0.0  0.0  0.0  0.0  0.0  0.0  0.0  0.0  0.0  0.0 
27.1576 15.1983 11.9593 58.6605 18.1452 27.1576 11499.2 24.616 0.0  0.0  0.0  0.0  0.0  0.0  0.0  0.0  0.0  0.0  0.0  0.0 
35.3773 19.422 15.9553 77.1991 23.1314 35.3773 12458.4 30.571 0.0  0.0  0.0  0.0  0.0  0.0  0.0  0.0  0.0  0.0  0.0  0.0 
34.8185 18.7988 16.0197 74.7458 24.0761 34.8185 7784.4 26.799 0.0  0.0  0.0  0.0  0.0  0.0  0.0  0.0  0.0  0.0  0.0  0.0 
30.217 16.3783 13.8387 63.4418 19.7454 30.217 7715 24.032 0.0  0.0  0.0  0.0  0.0  0.0  0.0  0.0  0.0  0.0  0.0  0.0 
32.1821 17.2786 14.9035 67.3521 22.0188 32.1821 11467.7 27.908 0.0  0.0  0.0  0.0  0.0  0.0  0.0  0.0  0.0  0.0  0.0  0.0 
38.0014 20.4205 17.5809 83.6499 27.6209 38.0014 7406.22 28.258 0.0  0.0  0.0  0.0  0.0  0.0  0.0  0.0  0.0  0.0  0.0  0.0 
33.0764 17.8818 15.1946 70.4177 22.2217 33.0764 6379.43 24.503 0.0  0.0  0.0  0.0  0.0  0.0  0.0  0.0  0.0  0.0  0.0  0.0 
23.0338 18.1066 4.9272 31.4945 23.7198 23.0338 9.9399 393.24 0.0  0.0  0.0  0.0  0.0  0.0  0.0  0.0  0.0  0.0  0.0  0.0 
39.4197 21.5493 17.8704 89.3116 27.6085 39.4197 9807.08 31.189 0.0  0.0  0.0  0.0  0.0  0.0  0.0  0.0  0.0  0.0  0.0  0.0 
38.6155 20.8085 17.807 89.1514 27.1573 38.6155 2894.53 22.529 0.0  0.0  0.0  0.0  0.0  0.0  0.0  0.0  0.0  0.0  0.0  0.0 
28.0154 15.3372 12.6782 60.1332 18.9462 28.0154 2436.14 16.972 0.0  0.0  0.0  0.0  0.0  0.0  0.0  0.0  0.0  0.0  0.0  0.0 
31.8347 17.0637 14.771 68.2243 21.2539 31.8347 2201.45 18.205 0.0  0.0  0.0  0.0  0.0  0.0  0.0  0.0  0.0  0.0  0.0  0.0 
39.2306 21.311 17.9196 88.8583 27.8389 39.2306 7472.51 28.993 0.0  0.0  0.0  0.0  0.0  0.0  0.0  0.0  0.0  0.0  0.0  0.0 
35.644 19.1814 16.4626 77.6678 24.934 35.644 4928.98 24.267 0.0  0.0  0.0  0.0  0.0  0.0  0.0  0.0  0.0  0.0  0.0  0.0 
40.3904 21.9983 18.3921 92.8992 28.7123 40.3904 8033.85 30.185 0.0  0.0  0.0  0.0  0.0  0.0  0.0  0.0  0.0  0.0  0.0  0.0 
34.0147 18.2943 15.7204 72.0218 23.8197 34.0147 10113.1 28.167 0.0  0.0  0.0  0.0  0.0  0.0  0.0  0.0  0.0  0.0  0.0  0.0 
34.3315 27.2547 7.0768 60.8145 20.2257 34.3315 8110.99 31399 0.0  0.0  0.0  0.0  0.0  0.0  0.0  0.0  0.0  0.0  0.0  0.0 
38.4683 20.6436 17.8247 87.7279 27.3117 38.4683 3229 23.092 0.0  0.0  0.0  0.0  0.0  0.0  0.0  0.0  0.0  0.0  0.0  0.0 
37.5675 20.3282 17.2393 83.4206 26.574 37.5675 6449.75 27.032 0.0  0.0  0.0  0.0  0.0  0.0  0.0  0.0  0.0  0.0  0.0  0.0 
42.6931 23.3614 19.3317 101.887 30.5436 42.6931 8131.9 31.558 0.0  0.0  0.0  0.0  0.0  0.0  0.0  0.0  0.0  0.0  0.0  0.0 
39.8558 21.624 18.2318 91.1088 28.4333 39.8558 6948.4 28.799 0.0  0.0  0.0  0.0  0.0  0.0  0.0  0.0  0.0  0.0  0.0  0.0 
30.8712 16.5743 14.2969 64.2403 20.6869 30.8712 11399.2 27.01 0.0  0.0  0.0  0.0  0.0  0.0  0.0  0.0  0.0  0.0  0.0  0.0 
25.4724 14.6086 10.8638 56.2281 16.9977 25.4724 13975.2 24.596 0.0  0.0  0.0  0.0  0.0  0.0  0.0  0.0  0.0  0.0  0.0  0.0 
35.7345 19.2085 16.526 77.5854 25.1439 35.7345 5623 25.147 0.0  0.0  0.0  0.0  0.0  0.0  0.0  0.0  0.0  0.0  0.0  0.0 
36.1999 19.4231 16.7768 78.379 25.9645 36.1999 6526 26.38 0.0  0.0  0.0  0.0  0.0  0.0  0.0  0.0  0.0  0.0  0.0  0.0 
34.3721 18.4523 15.9198 75.6843 23.3814 34.3721 2271.8 19.434 0.0  0.0  0.0  0.0  0.0  0.0  0.0  0.0  0.0  0.0  0.0  0.0 
46.3786 25.6522 20.7264 117.834 33.5323 46.3786 10836.9 36.123 0.0  0.0  0.0  0.0  0.0  0.0  0.0  0.0  0.0  0.0  0.0  0.0 
46.365 25.0303 21.3347 113.197 36.2634 46.365 11107.4 36.389 0.0  0.0  0.0  0.0  0.0  0.0  0.0  0.0  0.0  0.0  0.0  0.0 
39.3841 21.3804 18.0037 87.9309 28.3707 39.3841 12413.3 33.12 0.0  0.0  0.0  0.0  0.0  0.0  0.0  0.0  0.0  0.0  0.0  0.0 
41.2419 22.5197 18.7222 97.8429 28.944 41.2419 5360.58 27.641 0.0  0.0  0.0  0.0  0.0  0.0  0.0  0.0  0.0  0.0  0.0  0.0 
34.0282 18.4933 15.5349 73.108 22.6324 34.0282 8118.72 26.619 0.0  0.0  0.0  0.0  0.0  0.0  0.0  0.0  0.0  0.0  0.0  0.0 
32.4527 17.6158 14.8369 69.0172 21.2039 32.4527 6937.39 24.676 0.0  0.0  0.0  0.0  0.0  0.0  0.0  0.0  0.0  0.0  0.0  0.0 
35.7934 19.2001 16.5933 78.3044 25.1584 35.7934 4070 23.191 0.0  0.0  0.0  0.0  0.0  0.0  0.0  0.0  0.0  0.0  0.0  0.0 
6.262 3.1573 3.1047 29.4333 29.4144 6.262 10055.8 8.6219 0.0  0.0  0.0  0.0  0.0  0.0  0.0  0.0  0.0  0.0  0.0  0.0 
29.8249 16.1642 13.6607 62.8606 19.6691 29.8249 4670 20.953 0.0  0.0  0.0  0.0  0.0  0.0  0.0  0.0  0.0  0.0  0.0  0.0 
28.7491 15.8356 12.9135 61.3129 18.9457 28.7491 12282.9 26.096 0.0  0.0  0.0  0.0  0.0  0.0  0.0  0.0  0.0  0.0  0.0  0.0 
31.0884 16.7732 14.3152 65.1489 20.4633 31.0884 11928.9 27.464 0.0  0.0  0.0  0.0  0.0  0.0  0.0  0.0  0.0  0.0  0.0  0.0 
41.8102 22.7979 19.0123 97.1651 30.2569 41.8102 9752.68 32.555 0.0  0.0  0.0  0.0  0.0  0.0  0.0  0.0  0.0  0.0  0.0  0.0 
29.7719 16.2702 13.5017 62.9968 19.3175 29.7719 13566.7 27.496 0.0  0.0  0.0  0.0  0.0  0.0  0.0  0.0  0.0  0.0  0.0  0.0 
31.4634 16.9317 14.5317 65.8538 21.075 31.4634 10005.5 26.494 0.0  0.0  0.0  0.0  0.0  0.0  0.0  0.0  0.0  0.0  0.0  0.0 
41.5835 22.6342 18.9493 97.3622 29.861 41.5835 7484.08 30.296 0.0  0.0  0.0  0.0  0.0  0.0  0.0  0.0  0.0  0.0  0.0  0.0 
29.5474 16.1466 13.4008 62.4328 19.3224 29.5474 13599.2 27.32 0.0  0.0  0.0  0.0  0.0  0.0  0.0  0.0  0.0  0.0  0.0  0.0 
27.3008 15.1987 12.1021 58.6142 18.3874 27.3008 8915.58 23.147 0.0  0.0  0.0  0.0  0.0  0.0  0.0  0.0  0.0  0.0  0.0  0.0 
28.6647 15.739 12.9257 60.8657 19.0793 28.6647 7396.33 22.864 0.0  0.0  0.0  0.0  0.0  0.0  0.0  0.0  0.0  0.0  0.0  0.0 
27.6249 15.2152 12.4097 59.0338 18.7863 27.6249 3198.41 17.948 0.0  0.0  0.0  0.0  0.0  0.0  0.0  0.0  0.0  0.0  0.0  0.0 
37.7622 20.6685 17.0937 83.7081 25.9281 37.7622 12684.5 32.257 0.0  0.0  0.0  0.0  0.0  0.0  0.0  0.0  0.0  0.0  0.0  0.0 
46.937 25.3008 21.6362 115.985 36.9144 46.937 10216 35.949 0.0  0.0  0.0  0.0  0.0  0.0  0.0  0.0  0.0  0.0  0.0  0.0 
30.1651 16.2665 13.8986 63.9866 19.7879 30.1651 2539.02 18.118 0.0  0.0  0.0  0.0  0.0  0.0  0.0  0.0  0.0  0.0  0.0  0.0 
40.4144 21.7353 18.6791 92.1868 29.8426 40.4144 6283.86 28.373 0.0  0.0  0.0  0.0  0.0  0.0  0.0  0.0  0.0  0.0  0.0  0.0 
36.4444 19.7843 16.6601 79.3886 25.3147 36.4444 11246.7 30.469 0.0  0.0  0.0  0.0  0.0  0.0  0.0  0.0  0.0  0.0  0.0  0.0 
33.1888 17.844 15.3448 71.1568 22.539 33.1888 3763.02 21.481 0.0  0.0  0.0  0.0  0.0  0.0  0.0  0.0  0.0  0.0  0.0  0.0 
36.2152 19.6251 16.5901 79.9052 24.827 36.2152 5067.56 24.726 0.0  0.0  0.0  0.0  0.0  0.0  0.0  0.0  0.0  0.0  0.0  0.0 
36.1251 19.4965 16.6286 78.2379 25.4382 36.1251 8544.31 28.216 0.0  0.0  0.0  0.0  0.0  0.0  0.0  0.0  0.0  0.0  0.0  0.0 
33.0173 17.9661 15.0512 70.3739 21.585 33.0173 12612.4 29.134 0.0  0.0  0.0  0.0  0.0  0.0  0.0  0.0  0.0  0.0  0.0  0.0 
31.4982 17.0241 14.4741 66.2771 20.7669 31.4982 10176.5 26.627 0.0  0.0  0.0  0.0  0.0  0.0  0.0  0.0  0.0  0.0  0.0  0.0 
34.4505 18.6683 15.7822 74.356 23.2077 34.4505 6333.73 25.214 0.0  0.0  0.0  0.0  0.0  0.0  0.0  0.0  0.0  0.0  0.0  0.0 
10.8407 7.1126 3.7281 32.6984 14.3725 10.8407 4625.37 48.086 0.0  0.0  0.0  0.0  0.0  0.0  0.0  0.0  0.0  0.0  0.0  0.0 
37.2888 20.1545 17.1343 81.9034 26.4383 37.2888 8080.59 28.483 0.0  0.0  0.0  0.0  0.0  0.0  0.0  0.0  0.0  0.0  0.0  0.0 
25.4634 14.5208 10.9426 55.8355 17.2789 25.4634 6736.51 20.405 0.0  0.0  0.0  0.0  0.0  0.0  0.0  0.0  0.0  0.0  0.0  0.0 
26.4663 14.9042 11.5621 57.443 17.8193 26.4663 6809.18 21.08 0.0  0.0  0.0  0.0  0.0  0.0  0.0  0.0  0.0  0.0  0.0  0.0 
42.1134 22.7861 19.3273 97.8934 31.2275 42.1134 8474.39 31.585 0.0  0.0  0.0  0.0  0.0  0.0  0.0  0.0  0.0  0.0  0.0  0.0 
44.0305 23.9999 20.0306 106.786 32.2491 44.0305 7587.74 31.734 0.0  0.0  0.0  0.0  0.0  0.0  0.0  0.0  0.0  0.0  0.0  0.0 
31.7915 17.0525 14.739 66.9223 21.5242 31.7915 4576.33 21.859 0.0  0.0  0.0  0.0  0.0  0.0  0.0  0.0  0.0  0.0  0.0  0.0 
36.96 19.9091 17.0509 80.0028 26.6696 36.96 11162.4 30.743 0.0  0.0  0.0  0.0  0.0  0.0  0.0  0.0  0.0  0.0  0.0  0.0 
32.1752 17.4359 14.7393 68.2424 21.0418 32.1752 7417.93 24.944 0.0  0.0  0.0  0.0  0.0  0.0  0.0  0.0  0.0  0.0  0.0  0.0 
48.6509 26.9351 21.7158 128.583 35.7903 48.6509 13818.1 39.845 0.0  0.0  0.0  0.0  0.0  0.0  0.0  0.0  0.0  0.0  0.0  0.0 
27.422 15.237 12.185 58.8408 18.5126 27.422 6023.7 21.051 0.0  0.0  0.0  0.0  0.0  0.0  0.0  0.0  0.0  0.0  0.0  0.0 
28.8988 15.9021 12.9967 61.5656 19.0417 28.8988 4843.11 20.619 0.0  0.0  0.0  0.0  0.0  0.0  0.0  0.0  0.0  0.0  0.0  0.0 
32.1248 17.3116 14.8132 67.5704 21.599 32.1248 8263.88 25.621 0.0  0.0  0.0  0.0  0.0  0.0  0.0  0.0  0.0  0.0  0.0  0.0 
37.6722 20.5063 17.1659 83.3597 26.242 37.6722 10032.9 30.33 0.0  0.0  0.0  0.0  0.0  0.0  0.0  0.0  0.0  0.0  0.0  0.0 
15.2959 11.2521 4.0438 35.2616 31.4436 15.2959 3434.41 12.163 0.0  0.0  0.0  0.0  0.0  0.0  0.0  0.0  0.0  0.0  0.0  0.0 
39.5259 21.7277 17.7982 89.5154 27.203 39.5259 12971 33.564 0.0  0.0  0.0  0.0  0.0  0.0  0.0  0.0  0.0  0.0  0.0  0.0 
39.5149 21.7493 17.7656 90.2209 26.9257 39.5149 10816.6 32.029 0.0  0.0  0.0  0.0  0.0  0.0  0.0  0.0  0.0  0.0  0.0  0.0 
34.184 18.5314 15.6526 74.5544 22.8294 34.184 3831.94 22.055 0.0  0.0  0.0  0.0  0.0  0.0  0.0  0.0  0.0  0.0  0.0  0.0 
34.4138 18.5704 15.8434 73.3205 23.8502 34.4138 9955.09 28.295 0.0  0.0  0.0  0.0  0.0  0.0  0.0  0.0  0.0  0.0  0.0  0.0 
35.6354 19.2024 16.433 80.0953 24.2871 35.6354 2159.27 19.712 0.0  0.0  0.0  0.0  0.0  0.0  0.0  0.0  0.0  0.0  0.0  0.0 
32.2931 17.3794 14.9137 67.7841 21.9148 32.2931 13375.9 29.102 0.0  0.0  0.0  0.0  0.0  0.0  0.0  0.0  0.0  0.0  0.0  0.0 
34.9604 18.8199 16.1405 75.9893 24.2001 34.9604 4412.91 23.254 0.0  0.0  0.0  0.0  0.0  0.0  0.0  0.0  0.0  0.0  0.0  0.0 
37.2625 20.0787 17.1838 82.2535 26.472 37.2625 6070.76 26.46 0.0  0.0  0.0  0.0  0.0  0.0  0.0  0.0  0.0  0.0  0.0  0.0 
6.7989 3.7883 3.0106 29.8439 9.7601 6.7989 14.7769 91.815 0.0  0.0  0.0  0.0  0.0  0.0  0.0  0.0  0.0  0.0  0.0  0.0 
14.1531 3.0117 11.1414 27.5236 15.7579 14.1531 10485 588.33 0.0  0.0  0.0  0.0  0.0  0.0  0.0  0.0  0.0  0.0  0.0  0.0 
41.4012 22.556 18.8452 94.8749 30.1565 41.4012 11605.3 33.791 0.0  0.0  0.0  0.0  0.0  0.0  0.0  0.0  0.0  0.0  0.0  0.0 
32.3013 17.4401 14.8612 68.4722 21.5429 32.3013 5774.71 23.467 0.0  0.0  0.0  0.0  0.0  0.0  0.0  0.0  0.0  0.0  0.0  0.0 
33.7129 18.1554 15.5575 72.9013 22.7995 33.7129 3395.92 21.179 0.0  0.0  0.0  0.0  0.0  0.0  0.0  0.0  0.0  0.0  0.0  0.0 
14.8455 10.0858 4.7597 33.3482 30.7007 14.8455 48.3685 245.64 0.0  0.0  0.0  0.0  0.0  0.0  0.0  0.0  0.0  0.0  0.0  0.0 
26.7725 14.952 11.8205 57.751 18.2304 26.7725 4488.34 19.123 0.0  0.0  0.0  0.0  0.0  0.0  0.0  0.0  0.0  0.0  0.0  0.0 
31.8718 19.6493 12.2225 39.9375 23.2093 31.8718 5904.43 1679.2 0.0  0.0  0.0  0.0  0.0  0.0  0.0  0.0  0.0  0.0  0.0  0.0 
36.6235 19.8666 16.7569 82.511 25.012 36.6235 3445.1 22.61 0.0  0.0  0.0  0.0  0.0  0.0  0.0  0.0  0.0  0.0  0.0  0.0 
41.1402 22.6667 18.4735 96.8875 28.3042 41.1402 7974.13 30.527 0.0  0.0  0.0  0.0  0.0  0.0  0.0  0.0  0.0  0.0  0.0  0.0 
40.983 22.4615 18.5215 95.0922 28.7774 40.983 9030.66 31.436 0.0  0.0  0.0  0.0  0.0  0.0  0.0  0.0  0.0  0.0  0.0  0.0 
41.2848 22.6428 18.642 95.5057 29.2816 41.2848 11213.1 33.412 0.0  0.0  0.0  0.0  0.0  0.0  0.0  0.0  0.0  0.0  0.0  0.0 
16.5586 10.5018 6.0568 42.6531 18.9877 16.5586 86.109 138.87 0.0  0.0  0.0  0.0  0.0  0.0  0.0  0.0  0.0  0.0  0.0  0.0 
26.1762 14.7266 11.4496 57.0886 17.8408 26.1762 3211.55 17.286 0.0  0.0  0.0  0.0  0.0  0.0  0.0  0.0  0.0  0.0  0.0  0.0 
32.9667 17.7441 15.2226 69.368 22.7084 32.9667 12085.4 28.798 0.0  0.0  0.0  0.0  0.0  0.0  0.0  0.0  0.0  0.0  0.0  0.0 
40.5489 21.8754 18.6735 91.4515 30.1161 40.5489 9846.02 31.909 0.0  0.0  0.0  0.0  0.0  0.0  0.0  0.0  0.0  0.0  0.0  0.0 
28.7037 15.7805 12.9232 61.2764 18.9971 28.7037 4597.12 20.255 0.0  0.0  0.0  0.0  0.0  0.0  0.0  0.0  0.0  0.0  0.0  0.0 
35.1243 19.033 16.0913 78.222 23.6101 35.1243 2835.62 20.871 0.0  0.0  0.0  0.0  0.0  0.0  0.0  0.0  0.0  0.0  0.0  0.0 
28.6595 15.6196 13.0399 61.125 19.2198 28.6595 2673.96 17.665 0.0  0.0  0.0  0.0  0.0  0.0  0.0  0.0  0.0  0.0  0.0  0.0 
39.4829 21.4289 18.054 89.0091 28.2941 39.4829 8818.4 30.398 0.0  0.0  0.0  0.0  0.0  0.0  0.0  0.0  0.0  0.0  0.0  0.0 
6.139 3.0502 3.0888 28.3855 10.797 6.139 2899.84 6.506 0.0  0.0  0.0  0.0  0.0  0.0  0.0  0.0  0.0  0.0  0.0  0.0 
30.9406 16.6466 14.294 64.696 20.635 30.9406 6687.47 23.596 0.0  0.0  0.0  0.0  0.0  0.0  0.0  0.0  0.0  0.0  0.0  0.0 
34.9556 18.7692 16.1864 74.3037 24.8927 34.9556 10745.5 29.201 0.0  0.0  0.0  0.0  0.0  0.0  0.0  0.0  0.0  0.0  0.0  0.0 
28.0873 15.6058 12.4815 60.2806 18.4985 28.0873 8876.41 23.58 0.0  0.0  0.0  0.0  0.0  0.0  0.0  0.0  0.0  0.0  0.0  0.0 
26.9763 15.1061 11.8702 58.2635 18.1286 26.9763 9826.68 23.485 0.0  0.0  0.0  0.0  0.0  0.0  0.0  0.0  0.0  0.0  0.0  0.0 
31.4518 16.9339 14.5179 66.8126 20.7906 31.4518 3274.52 19.922 0.0  0.0  0.0  0.0  0.0  0.0  0.0  0.0  0.0  0.0  0.0  0.0 
33.7718 18.4165 15.3553 72.5137 22.1775 33.7718 9546.68 27.587 0.0  0.0  0.0  0.0  0.0  0.0  0.0  0.0  0.0  0.0  0.0  0.0 
26.312 14.8101 11.5019 57.0153 17.8643 26.312 7733.83 21.784 0.0  0.0  0.0  0.0  0.0  0.0  0.0  0.0  0.0  0.0  0.0  0.0 
31.8106 17.2672 14.5434 67.2651 20.5805 31.8106 10956.4 27.331 0.0  0.0  0.0  0.0  0.0  0.0  0.0  0.0  0.0  0.0  0.0  0.0 
36.8916 19.8086 17.083 79.679 26.8418 36.8916 9787.05 29.686 0.0  0.0  0.0  0.0  0.0  0.0  0.0  0.0  0.0  0.0  0.0  0.0 
15.5439 11.7864 3.7575 26.3983 19.8904 15.5439 628.811 2028.9 0.0  0.0  0.0  0.0  0.0  0.0  0.0  0.0  0.0  0.0  0.0  0.0 
38.6683 21.0145 17.6538 86.3314 27.3932 38.6683 10183.8 31.05 0.0  0.0  0.0  0.0  0.0  0.0  0.0  0.0  0.0  0.0  0.0  0.0 
28.4757 15.6685 12.8072 61.1262 18.8743 28.4757 3504.02 18.828 0.0  0.0  0.0  0.0  0.0  0.0  0.0  0.0  0.0  0.0  0.0  0.0 
41.1105 22.1546 18.9559 98.5704 29.394 41.1105 2847.84 23.517 0.0  0.0  0.0  0.0  0.0  0.0  0.0  0.0  0.0  0.0  0.0  0.0 
46.8006 25.1957 21.6049 120.993 35.4314 46.8006 4890.51 29.706 0.0  0.0  0.0  0.0  0.0  0.0  0.0  0.0  0.0  0.0  0.0  0.0 
34.5618 29.5373 5.0245 141.861 33.5909 34.5618 6.6747 745.22 0.0  0.0  0.0  0.0  0.0  0.0  0.0  0.0  0.0  0.0  0.0  0.0 
31.4835 16.9054 14.5781 66.3199 21.12 31.4835 4270.28 21.321 0.0  0.0  0.0  0.0  0.0  0.0  0.0  0.0  0.0  0.0  0.0  0.0 
28.796 15.8052 12.9908 61.511 19.0467 28.796 4284.96 19.959 0.0  0.0  0.0  0.0  0.0  0.0  0.0  0.0  0.0  0.0  0.0  0.0 
32.9324 17.7269 15.2055 69.3095 22.7392 32.9324 11246.3 28.25 0.0  0.0  0.0  0.0  0.0  0.0  0.0  0.0  0.0  0.0  0.0  0.0 
34.6593 18.7651 15.8942 74.4638 23.7437 34.6593 9193.13 27.868 0.0  0.0  0.0  0.0  0.0  0.0  0.0  0.0  0.0  0.0  0.0  0.0 
36.6505 20.1165 16.534 81.0627 24.3697 36.6505 10660.9 30.164 0.0  0.0  0.0  0.0  0.0  0.0  0.0  0.0  0.0  0.0  0.0  0.0 
39.3693 21.113 18.2563 90.5525 28.3382 39.3693 3484 23.949 0.0  0.0  0.0  0.0  0.0  0.0  0.0  0.0  0.0  0.0  0.0  0.0 
33.2851 17.86 15.4251 69.8899 23.2614 33.2851 11807.7 28.838 0.0  0.0  0.0  0.0  0.0  0.0  0.0  0.0  0.0  0.0  0.0  0.0 
45.8545 24.954 20.9005 115.746 33.9335 45.8545 6705.12 31.697 0.0  0.0  0.0  0.0  0.0  0.0  0.0  0.0  0.0  0.0  0.0  0.0 
38.7925 20.8773 17.9152 86.641 28.172 38.7925 6946.07 28.228 0.0  0.0  0.0  0.0  0.0  0.0  0.0  0.0  0.0  0.0  0.0  0.0 
29.2694 15.9013 13.3681 62.4994 19.3731 29.2694 2316.57 17.311 0.0  0.0  0.0  0.0  0.0  0.0  0.0  0.0  0.0  0.0  0.0  0.0 
34.0196 18.2946 15.725 73.7153 23.1643 34.0196 3394.46 21.322 0.0  0.0  0.0  0.0  0.0  0.0  0.0  0.0  0.0  0.0  0.0  0.0 
35.948 19.6475 16.3005 79.25 23.9686 35.948 7256.87 26.943 0.0  0.0  0.0  0.0  0.0  0.0  0.0  0.0  0.0  0.0  0.0  0.0 
32.9187 17.806 15.1127 70.8618 21.8075 32.9187 3702.62 21.258 0.0  0.0  0.0  0.0  0.0  0.0  0.0  0.0  0.0  0.0  0.0  0.0 
35.5008 19.372 16.1288 76.9587 23.8371 35.5008 13335.3 31.2 0.0  0.0  0.0  0.0  0.0  0.0  0.0  0.0  0.0  0.0  0.0  0.0 
33.9363 28.9758 4.9605 126.19 23.9204 33.9363 1478.95 4282.9 0.0  0.0  0.0  0.0  0.0  0.0  0.0  0.0  0.0  0.0  0.0  0.0 
30.4206 16.3022 14.1184 63.569 20.2102 30.4206 3823.86 20.207 0.0  0.0  0.0  0.0  0.0  0.0  0.0  0.0  0.0  0.0  0.0  0.0 
38.8001 21.065 17.7351 89.6653 26.9539 38.8001 3777.05 24.163 0.0  0.0  0.0  0.0  0.0  0.0  0.0  0.0  0.0  0.0  0.0  0.0 
37.3367 20.035 17.3017 84.1974 26.2543 37.3367 2908.69 21.998 0.0  0.0  0.0  0.0  0.0  0.0  0.0  0.0  0.0  0.0  0.0  0.0 
33.6375 18.2559 15.3816 72.3043 22.3299 33.6375 6166.29 24.595 0.0  0.0  0.0  0.0  0.0  0.0  0.0  0.0  0.0  0.0  0.0  0.0 
30.813 16.504 14.309 65.7114 20.4534 30.813 1875.21 17.065 0.0  0.0  0.0  0.0  0.0  0.0  0.0  0.0  0.0  0.0  0.0  0.0 
36.0268 19.713 16.3138 78.942 24.0679 36.0268 10704.6 29.815 0.0  0.0  0.0  0.0  0.0  0.0  0.0  0.0  0.0  0.0  0.0  0.0 
32.1662 17.1686 14.9976 69.5987 21.6377 32.1662 1634.96 17.031 0.0  0.0  0.0  0.0  0.0  0.0  0.0  0.0  0.0  0.0  0.0  0.0 
10.8247 6.4884 4.3363 27.7317 26.7893 10.8247 2252.3 336.29 0.0  0.0  0.0  0.0  0.0  0.0  0.0  0.0  0.0  0.0  0.0  0.0 
32.2286 17.4776 14.751 68.1689 21.2153 32.2286 11211.3 27.765 0.0  0.0  0.0  0.0  0.0  0.0  0.0  0.0  0.0  0.0  0.0  0.0 
33.0371 17.6866 15.3505 71.049 22.5579 33.0371 2694.77 19.691 0.0  0.0  0.0  0.0  0.0  0.0  0.0  0.0  0.0  0.0  0.0  0.0 
29.1081 26.0029 3.1052 114.978 27.7196 29.1081 1514.43 488.94 0.0  0.0  0.0  0.0  0.0  0.0  0.0  0.0  0.0  0.0  0.0  0.0 
23.1794 13.6889 9.4905 53.738 15.2048 23.1794 13947.8 23.287 0.0  0.0  0.0  0.0  0.0  0.0  0.0  0.0  0.0  0.0  0.0  0.0 
32.0308 17.2523 14.7785 67.8241 21.4034 32.0308 4815.78 22.266 0.0  0.0  0.0  0.0  0.0  0.0  0.0  0.0  0.0  0.0  0.0  0.0 
29.5786 17.9689 11.6097 40.4292 22.2317 29.5786 10058.3 1779.2 0.0  0.0  0.0  0.0  0.0  0.0  0.0  0.0  0.0  0.0  0.0  0.0 
