####        Name+Ref    Age  [Myr] logMphot logMdyn rc [pc] reff [pc] γ sigma-1D [km/s] rvir [pc] tdyn [Myr] Age/tdyn
####  YMCs
             Arches1                                 2.00               4.30                1.e30               0.20               0.40                1.e30                1.e30               0.68               0.06              33.86 \\
            DSB20034                                 3.50               3.80                1.e30                1.e30               1.20                1.e30                1.e30               2.04               0.55               6.41 \\
           NGC36035                                 2.00               4.10                1.e30               0.15               0.70               2.00                1.e30               1.19               0.17              11.62 \\
         Quintuplet6                                 4.00               4.00                1.e30               1.00               2.00                1.e30                1.e30               3.40               0.93               4.29 \\
            RSGC016                                12.00               4.50               4.70                1.e30               1.50                1.e30               3.70               2.55               0.34              35.22 \\
            RSGC028                                17.00               4.60               4.80                1.e30               2.70                1.e30               3.40               4.58               0.73              23.18 \\
            RSGC039                                18.00               4.50                1.e30                1.e30               5.00                1.e30                1.e30               8.49               2.07               8.68 \\
        Trumpler1410                                2.00               4.00                1.e30               0.14               0.50               2.00                1.e30               0.85               0.12              17.15 \\
               Wd111                                3.50               4.50               4.80               0.40               1.00               4.00               5.80               1.74               0.19              18.27 \\
               Wd24                                 2.00               4.00                1.e30                1.e30               0.80                1.e30                1.e30               1.36               0.24               8.48 \\
               hPer4                                12.80               4.20                1.e30                1.e30               2.10                1.e30                1.e30               3.57               0.80              16.06 \\
          $\chi$Per4                                12.80               4.10                1.e30                1.e30               2.50                1.e30                1.e30               4.24               1.16              11.02 \\             
#### ASSOCIATIONS
             CYgOB4                                 2.50               4.40                1.e30                1.e30               5.20                1.e30                1.e30               8.83               2.47               1.01 \\
            IC18054                                 2.00               4.20                1.e30                1.e30              12.50                1.e30                1.e30              21.22              11.58               0.17 \\
            ILac14                                14.00               3.40                1.e30                1.e30              20.70                1.e30                1.e30              35.14              61.97               0.23 \\
     LowerCen-Crux4                                11.50               3.30                1.e30                1.e30              15.00                1.e30                1.e30              25.46              42.89               0.27 \\
           NGC22444                                 2.00               3.90                1.e30                1.e30               5.60                1.e30                1.e30               9.51               4.90               0.41 \\
           NGC66114                                 3.00               4.40                1.e30                1.e30               5.90                1.e30                1.e30              10.02               2.98               1.01 \\
           NGC73804                                 2.00               3.80                1.e30                1.e30               6.50                1.e30                1.e30              11.03               6.88               0.29 \\
                ONC13                                1.00               3.65                1.e30               0.20               2.00               2.00                1.e30               3.40               1.40               0.72 \\
             OriIa4                                11.40               3.70                1.e30                1.e30              16.60                1.e30                1.e30              28.18              31.50               0.36 \\
             OriIb4                                 1.70               3.60                1.e30                1.e30               6.30                1.e30                1.e30              10.70               8.26               0.21 \\
             OriIc4                                 4.60               3.80                1.e30                1.e30              12.50                1.e30                1.e30              21.22              18.35               0.25 \\
     UpperCen-Crux4                                14.50               3.60                1.e30                1.e30              22.10                1.e30                1.e30              37.52              54.30               0.27 \\
              USco4                                 5.50               3.50                1.e30                1.e30              14.20                1.e30                1.e30              24.11              31.38               0.18 \\
