####        Gal           Name+Ref    Age  [Myr] Magnitude logMphot logMdyn rc [pc] reff [pc] γ sigma-1D [km/s] rvir [pc] tdyn [Myr] Age/tdyn
#### YMC
            LMC           R1361234                    3.0        -11.74            4.78            1.E30           0.10           1.70           1.50            1.E30           2.89           0.30          10.14
            LMC       NGC181823                       25.1         -9.62            4.42            1.E30           2.07           5.39           3.30            1.E30           9.76           2.80           8.96
            LMC       NGC184723                       26.3         -9.67            4.44            1.E30           1.73          32.58           2.05            1.E30          10.33           2.98           8.82
            LMC       NGC185023                       31.6        -10.52            4.86           5.22           2.69          11.25           2.05           3.00           3.56           0.37          84.83
            LMC       NGC200423                       20.0         -9.60            4.36            1.E30           1.41           5.27           2.90            1.E30           9.81           3.03           6.59
            LMC       NGC210023                       15.8         -9.77            4.36            1.E30           0.99           4.41           2.30            1.E30           6.32           1.57          10.12
            LMC       NGC213623                      100.0         -8.60            4.30            1.E30           1.59           3.42           3.50            1.E30           6.10           1.59          62.85
            LMC       NGC215723                       39.8         -9.10            4.31           4.90           1.99           5.39           3.05           2.80           9.95           3.27          12.16
            LMC       NGC216423                       50.1         -8.65            4.18           5.15           1.48           4.76           2.95           4.30           8.84           3.19          15.72
            LMC       NGC221423                       39.8         -8.40            4.03           5.28           1.83           8.13           2.45           3.90          14.24           7.74           5.14
            LMC       NGC171123                       50.1         -8.82            4.24            1.E30           1.91           5.19           2.70            1.E30           9.70           3.42          14.66
            M31          KW2465                         75.9         -7.80            4.19            1.E30            1.E30           3.20            1.E30            1.E30           5.43           1.52          50.01
            M31          B257D6                         79.4         -8.84            4.45            1.E30           3.16          15.14            1.E30            1.E30          25.70          11.57           6.86
            M31           B3186                         70.8         -8.76            4.38            1.E30           0.19           6.61            1.E30            1.E30          11.22           3.62          19.57
            M31           B3276                         50.1         -8.95            4.38            1.E30           0.20           4.47            1.E30            1.E30           7.59           2.01          24.91
            M31           B4486                         79.4         -9.20            4.58            1.E30           0.20          16.22            1.E30            1.E30          27.54          11.05           7.19
            M31           Vdb07                         25.1        -10.00            4.85            1.E30           1.40           7.40            1.E30            1.E30          12.56           2.49          10.07
            M31     KW044/B3255                         58.9         -9.20            4.59            1.E30            1.E30          10.00            1.E30            1.E30          16.98           5.29          11.14
            M31          KW1205                         87.1         -8.80            4.57            1.E30            1.E30           2.60            1.E30            1.E30           4.41           0.72         121.43
            M31          KW2085                         56.2         -7.70            4.01            1.E30            1.E30           2.90            1.E30            1.E30           4.92           1.61          34.93
            M31          KW2725                         53.7         -9.00            4.50            1.E30            1.E30           9.00            1.E30            1.E30          15.28           5.01          10.73
            M31          B015D6                         70.8         -9.71            4.76            1.E30           0.24          16.60            1.E30            1.E30          28.18           9.30           7.61
            M31           B0406                         79.4         -9.00            4.50            1.E30           0.55          12.88            1.E30            1.E30          21.87           8.57           9.27
            M31           B0436                         79.4         -8.81            4.43            1.E30           0.72           3.98            1.E30            1.E30           6.76           1.60          49.77
            M31           B0666                         70.8         -8.43            4.25            1.E30           0.38           6.76            1.E30            1.E30          11.48           4.35          16.29
       NGC6822      HubbleIV89                       25.1         -8.00            4.00            1.E30           0.40           2.00            1.E30            1.E30           3.40           0.93          26.93
            SMC        NGC33023                       25.1         -9.94            4.56           5.64           2.34           6.11           2.55           6.00          11.17           2.92           8.60
#### ASSOCIATIONS
            M31          KW2495                          5.0        -10.50            4.30            1.E30            1.E30          13.50            1.E30            1.E30          22.92          11.58           0.43
            M31          KW2585                          5.0         -9.90            4.05            1.E30            1.E30           3.40            1.E30            1.E30           5.77           1.95           2.57
            M33        NGC59510                         4.0        -11.40            4.50            1.E30            1.E30          26.90            1.E30            1.E30          45.67          25.87           0.15
            M33        NGC60410                         3.5        -12.60            5.00            1.E30            1.E30          28.40            1.E30            1.E30          48.21          15.78           0.22
            SMC        NGC34611                         3.0            -             5.60            1.E30            1.E30           9.00            1.E30            1.E30          15.28           1.41           2.13
