-1.5149296827230103  0.0003420947065545521
-1.3515184455465707  0.0010754379768301292
-1.200642027311635  0.0031393356589817234
-1.0999048848427284  0.004255403755888731
-1  0.005105051108415637
-0.9025069637883008  0.007688205140708115
-0.7994428969359333  0.01026892108519284
-0.6565493579726933  0.013598404085700067
-0.5017175929071325  0.01699053137444509
-0.4007596473945272  0.022675999184875895
-0.30669542767851077  0.03247532263037564
-0.20128957469936837  0.05334769664999306
-0.1014080440247298  0.09056782108018294
-0.0015187593970524826  0.19685983196058288
0.10063917628332697  0.23360377354668788
0.19862295332563318  0.19371612368047797
0.2961520823425505  0.08472290230790289
0.40016517766152604  0.01075783517137241
0.8 0.0
